<?xml version="1.0" encoding="UTF-8" standalone="no"?>
<!-- Created with Inkscape (http://www.inkscape.org/) -->

<svg
   xmlns:dc="http://purl.org/dc/elements/1.1/"
   xmlns:cc="http://creativecommons.org/ns#"
   xmlns:rdf="http://www.w3.org/1999/02/22-rdf-syntax-ns#"
   xmlns:svg="http://www.w3.org/2000/svg"
   xmlns="http://www.w3.org/2000/svg"
   xmlns:sodipodi="http://sodipodi.sourceforge.net/DTD/sodipodi-0.dtd"
   xmlns:inkscape="http://www.inkscape.org/namespaces/inkscape"
   width="100%"
   height="100%"
   id="svg2"
   version="1.1"
   inkscape:version="0.48.2 r9819"
   sodipodi:docname="drawing.svg"
   viewBox="0 0 232.86498 220.85742">
  <defs
     id="defs4" />
  <sodipodi:namedview
     id="base"
     pagecolor="#ffffff"
     bordercolor="#666666"
     borderopacity="1.0"
     inkscape:pageopacity="0.0"
     inkscape:pageshadow="2"
     inkscape:zoom="2.8"
     inkscape:cx="95.669447"
     inkscape:cy="150.45157"
     inkscape:document-units="px"
     inkscape:current-layer="svg2"
     showgrid="false"
     inkscape:window-width="1280"
     inkscape:window-height="968"
     inkscape:window-x="-4"
     inkscape:window-y="-4"
     inkscape:window-maximized="1"
     fit-margin-top="0"
     fit-margin-left="0"
     fit-margin-right="0"
     fit-margin-bottom="0" />
  <metadata
     id="metadata7">
    <rdf:RDF>
      <cc:Work
         rdf:about="">
        <dc:format>image/svg+xml</dc:format>
        <dc:type
           rdf:resource="http://purl.org/dc/dcmitype/StillImage" />
        <dc:title></dc:title>
      </cc:Work>
    </rdf:RDF>
  </metadata>
  <g
     inkscape:label="Layer 1"
     inkscape:groupmode="layer"
     id="layer1"
     transform="translate(-349.34081,-654.77535)" />
  <path
     style="fill:#000000"
     d="M 28.364976,219.5835 C 13.12476,215.80718 4.8232335,206.19325 4.6912555,192.16717 c -0.08121,-8.6307 1.694698,-12.18354 11.2553565,-22.5172 l 7.255894,-7.84254 -3.313649,-2.59332 C 12.586689,153.4993 6.2020725,144.8925 2.6628365,135.99252 0.74350354,131.16605 0.42680854,128.1226 0.07671454,111.1398 -0.73733446,71.650894 4.8531615,48.913048 20.396987,28.492528 31.802927,13.508107 47.933463,4.176801 67.864976,1.032911 71.569786,0.44853498 93.122426,0.00438798 117.98399,8.1981589e-5 152.38065,-0.00591802 163.4807,0.31255998 170.48399,1.506184 c 24.55477,4.185059 45.99289,15.665404 55.31126,29.619785 6.49207,9.721949 7.06973,12.958237 7.06973,39.607597 0,21.301522 -0.22244,24.372012 -2.50428,34.568504 -2.68669,12.0056 -8.30463,29.88622 -12.0892,38.4772 -1.28094,2.90772 -4.37142,8.33098 -6.86775,12.05169 -2.49632,3.72071 -4.53877,7.25898 -4.53877,7.86283 0,0.60385 1.79685,3.48929 3.993,6.41209 5.1762,6.88887 6.37273,10.7417 5.74901,18.51188 -0.87407,10.88912 -7.56764,18.72232 -21.46584,25.12061 -4.53483,2.08769 -7.71033,2.74309 -14.77617,3.04972 -7.95308,0.34513 -10.11712,0.0308 -18.60343,-2.7025 -5.28188,-1.70119 -10.33792,-3.09307 -11.23563,-3.09307 -0.89772,0 -4.60105,1.575 -8.22963,3.5 l -6.59742,3.5 -26.77648,0 -26.776484,0 -6.054524,-3.12256 -6.054525,-3.12256 -5.33594,3.0291 c -2.934768,1.66601 -7.780117,3.74616 -10.767442,4.62256 -6.366335,1.86772 -18.424216,1.95469 -25.568499,0.18444 z m 25,-6.11982 c 2.2,-0.79257 4.675,-1.46258 5.5,-1.4889 2.531393,-0.0807 8.864991,-8.43449 9.944466,-13.11632 0.553653,-2.40127 1.017643,-6.86344 1.031088,-9.91594 0.01345,-3.0525 0.516134,-6.04169 1.117087,-6.64264 1.404912,-1.40491 -0.5273,-5.30736 -2.627825,-5.30736 -1.029683,0 -1.464816,1.1299 -1.464816,3.80366 0,4.6237 -3.837015,12.62714 -8.186583,17.07598 -5.197813,5.31645 -10.204445,7.3456 -18.250468,7.3968 -13.692883,0.0871 -19.562949,-4.1261 -19.562949,-14.04129 0,-7.47624 3.005426,-12.21834 7.75,-12.22832 2.585611,-0.005 3.25,0.40202 3.25,1.99317 0,1.61905 -0.666667,2 -3.5,2 -3.426126,0 -3.503344,0.0897 -3.658444,4.25 -0.259255,6.95412 0.06914,8.06265 3.409515,11.50904 6.404467,6.60773 13.851741,6.69121 23.477806,0.26317 4.814562,-3.21504 6.249925,-4.859 8.064106,-9.23604 2.760678,-6.66063 2.980186,-12.79371 0.457017,-12.7691 -1.160838,0.0113 -2.559264,1.88601 -4.153773,5.56844 -3.298787,7.61835 -7.497152,10.41449 -15.637232,10.41449 -3.606109,0 -6.848724,-0.56449 -7.975513,-1.38842 -2.063817,-1.5091 -2.039494,-1.53133 7.455685,-6.81526 8.960051,-4.98614 4.254762,-15.79632 -6.875578,-15.79632 -5.687421,0 -9.991511,2.01494 -13.960763,6.53567 -9.6563805,10.99801 -9.3359865,23.97313 0.806338,32.65458 2.299459,1.96826 6.523085,4.26934 9.385835,5.11353 6.616601,1.95116 19.015708,2.03689 24.205001,0.16738 z m 79.988014,-1.98475 c 9.81895,-2.599 13.3711,-7.31816 14.19073,-18.85291 0.69069,-9.72015 -0.41104,-11.1335 -8.67874,-11.1335 -7.14999,0 -9,1.5491 -9,7.53614 0,5.70144 -2.58883,7.37464 -11.4858,7.42345 -9.34754,0.0513 -11.96954,-1.68972 -15.07005,-10.00648 l -2.21933,-5.95311 -10.612414,-0.28383 -10.61241,-0.28383 -0.03675,4.78383 c -0.02022,2.63111 -0.654981,7.93383 -1.410589,11.78383 -2.878163,14.6649 3.422865,17.81692 33.947343,16.98179 9.21844,-0.25221 17.308,-1.02131 20.98801,-1.99538 z m 59.51199,-3.61861 c 10.05103,-4.6566 15.15527,-10.73293 16.59874,-19.75992 0.52247,-3.26734 0.11648,-5.16966 -2.04706,-9.59177 l -2.69878,-5.51611 -7.36743,0 c -4.1183,0 -7.65681,0.46822 -8.02359,1.06168 -0.36089,0.58393 -1.73745,1.47279 -3.05902,1.97525 -3.66372,1.39295 -3.22857,5.48902 0.84714,7.97403 1.7875,1.08986 4.0688,1.98325 5.06955,1.9853 1.31417,0.003 1.7308,0.62867 1.5,2.25374 -0.25636,1.8051 -1.24357,2.4286 -4.99255,3.15321 -6.10264,1.17955 -9.4591,-0.2334 -15.24282,-6.41667 -4.9892,-5.33385 -6.20498,-5.09814 -7.26073,1.40771 -0.82878,5.10717 1.26335,9.27932 6.0637,12.09231 11.1408,6.52848 22.51106,2.73327 26.72508,-8.92038 1.73376,-4.79462 4.88777,-4.97168 4.88777,-0.27439 0,2.56298 -0.94097,4.19943 -4.25,7.39126 -6.58301,6.34984 -10.08363,7.79631 -18.75,7.74753 -11.86498,-0.0668 -17.98792,-4.84897 -17.99626,-14.05558 -0.005,-5.92455 -1.09068,-10.51169 -2.38655,-10.08697 -0.61446,0.20139 -2.12969,1.86051 -3.36719,3.68695 -2.96846,4.38116 -3.28297,17.54754 -0.5,20.93115 5.33404,6.48526 25.15001,8.10425 36.25,2.96167 z m -71.375,-15.8678 3.375,0 0,-5 c 0,-4.78521 -0.11813,-5.00047 -2.75,-5.01101 -1.5125,-0.006 -4.38684,-0.28171 -6.38743,-0.61257 -6.51704,-1.07781 -10.25291,5.23324 -5.7584,9.72775 1.58716,1.58716 2.84639,1.95573 5.125,1.5 1.66145,-0.3323 4.53958,-0.60417 6.39583,-0.60417 z m 45.55835,-17.45119 c 10.32438,-2.18814 19.99717,-6.73755 29.72505,-13.98061 6.20408,-4.61935 9.08749,-7.43983 9.55105,-9.34259 0.36521,-1.49909 3.05662,-7.90061 5.98091,-14.22561 11.05896,-23.91962 13.91212,-38.819622 13.35194,-69.727497 -0.45975,-25.366796 -1.33264,-28.006274 -13.19173,-39.889685 -6.90356,-6.917728 -9.65214,-8.86812 -18.60057,-13.198998 -19.05614,-9.222819 -31.45633,-11.118041 -73,-11.157176 -39.530494,-0.03724 -52.876095,1.701567 -71.330173,9.293651 -7.285059,2.997103 -9.255851,4.438344 -18.197954,13.308164 -7.480637,7.420168 -10.337762,10.980548 -11.247014,14.015358 -0.67039,2.237563 -2.262699,5.606434 -3.538464,7.48638 -1.275766,1.879945 -2.845007,5.882221 -3.487203,8.893947 -7.7802105,36.487094 -8.4416545,43.114354 -6.1882195,62.002096 1.783193,14.94628 8.1223975,30.41136 12.9872265,31.68354 1.049762,0.27452 2.557429,1.48928 3.350372,2.69946 0.792943,1.21018 4.076399,3.60093 7.29657,5.31277 6.724764,3.57487 26.93693,10.731 32.854855,11.63227 44.471584,6.77281 39.323404,6.30047 70.500004,6.46832 19.51764,0.10508 28.26096,-0.23054 33.18335,-1.27379 z M 109.36498,21.059112 C 87.326126,21.199403 66.644365,26.984177 59.491475,31.905494 48.371902,39.555962 34.993701,57.125667 28.437779,72.688579 c -5.243777,12.44805 -6.572803,19.336259 -6.572803,34.066221 0,11.2337 0.361858,14.27996 2.50044,21.04978 l 2.500441,7.91528 10.944307,7.23642 c 7.292803,4.82202 13.882128,8.26286 19.749559,10.3129 8.186694,2.86036 10.139982,3.12648 27.805253,3.78802 10.45,0.39133 20.572034,1.21188 22.493404,1.82343 5.29786,1.68624 46.15581,1.44776 52.75067,-0.30789 8.95388,-2.38367 14.49182,-5.68172 21.85002,-13.01253 8.27759,-8.24676 15.10293,-20.84766 18.45294,-34.06768 2.52727,-9.97324 4.33559,-32.718295 3.67366,-46.207246 C 203.97418,52.823942 201.99583,48.140691 194.41745,41.214478 183.17641,30.940803 155.15072,20.767657 135.48399,20.892848 z m 25.64286,-3.745064 c 16.88836,0.658334 33.45276,5.412585 49.35714,13.230239 11.27236,5.540827 18.04596,11.277548 21.12609,17.892171 2.24342,4.817806 2.35483,6.077576 2.36414,26.732918 0.01,21.609982 -0.001,21.717332 -3.48427,34.800764 -5.63349,21.15988 -10.60652,30.9985 -20.38106,40.32183 -6.99927,6.67618 -13.92246,10.16114 -23.1249,11.64051 -9.53976,1.5336 -52.48737,1.18407 -57.5,-0.46796 -2.60202,-0.85756 -9.697664,-1.34516 -20.302599,-1.39515 -11.000818,-0.0519 -18.643266,-0.59626 -23.5,-1.674 C 37.873373,153.58245 22.241772,139.06278 18.756913,120.49253 17.296642,112.71098 18.241341,96.792158 20.774636,86.492528 25.943665,65.476788 39.326188,42.903026 52.717104,32.611682 66.630509,21.918788 79.955347,15.168018 107.07927,16.22535 z M 114.36498,152.41954 c -4.4,-0.75237 -15.200003,-1.84078 -24.000004,-2.4187 -25.557461,-1.67842 -34.067379,-3.63702 -43.793379,-10.07926 -4.762461,-3.15452 -10.520206,-10.88416 -12.6103,-16.92905 -3.440811,-9.95139 -2.969791,-30.707582 0.975432,-42.983831 3.19174,-9.931655 7.524579,-16.775541 15.849664,-25.03515 16.743509,-16.611823 38.002923,-23.005751 72.017677,-21.659854 24.53399,0.970762 39.98352,4.15145 50.94581,11.604976 10.71063,7.282416 10.02139,13.734178 13.76303,23.573857 4.68574,12.322426 1.48078,46.321272 -5.7858,60.852262 -6.23482,12.46776 -22.0656,20.99988 -43.8359,23.62568 -10.40677,1.2552 -13.36931,1.18582 -23.52623,-0.55093 z m 26.5,-4.49324 c 3.575,-0.57811 10.70468,-2.4718 15.84374,-4.20821 8.78769,-2.96921 9.63751,-3.50868 14.28044,-9.06521 11.09747,-13.28115 13.27418,-20.08235 13.33333,-41.660352 0.0613,-22.348971 -2.15039,-34.438333 -11.29897,-43.130532 -9.58791,-9.109612 -18.83203,-9.669218 -33.65854,-11.834576 -9.21663,-1.346056 -35.31784,-1.30653 -45.177644,0.008 -10.580002,1.410557 -25.824032,7.467166 -27.32236,8.769632 -13.647534,11.863531 -21.234599,23.041102 -26.034842,37.132072 -2.692856,7.904799 -2.965158,10.158896 -2.965158,21.274766 0,15.04938 1.400579,19.95139 7.490831,26.21779 8.931202,9.18953 22.278927,13.53222 52.009169,16.92119 7.255154,0.82702 37.591214,0.53093 43.500004,-0.42457 z m -40.28571,-17.68533 -3.500005,-1.74844 -0.54267,-12 c -0.298468,-6.6 -1.06769,-12.94877 -1.70939,-14.10838 -2.06325,-3.7285 -6.231104,-5.53767 -16.098714,-6.98813 -13.943394,-2.049572 -14.88918,-2.313792 -18.173185,-5.077102 -2.470475,-2.07877 -2.976045,-3.25113 -2.976045,-6.901095 0,-3.977899 0.359606,-4.634894 3.773468,-6.894081 8.146007,-5.390773 25.479252,-8.129435 57.726541,-9.120823 23.6956,-0.728481 33.89736,0.251468 42.20292,4.053879 6.06263,2.775564 7.57183,5.383671 6.32198,10.925307 -1.88713,8.367323 -5.10173,10.569553 -19.0249,13.033445 -5.225,0.92464 -10.94001,2.13519 -12.70002,2.69012 -4.87022,1.53559 -9.05263,6.92368 -9.77637,12.59466 -1.29215,10.12491 -1.71479,11.44035 -4.80731,14.96254 -5.51212,6.27794 -13.69409,8.08608 -20.7163,4.5781 z m 14.88419,-7.17364 c 0.69425,-2.70885 3.66355,-9.8062 6.59843,-15.77188 l 5.33613,-10.84668 11.84063,-2.828782 c 14.34216,-3.42641 19.90803,-5.89025 21.8679,-9.680212 3.38805,-6.551762 1.2738,-8.975714 -9.97309,-11.434027 -6.81786,-1.490226 -11.78633,-1.667801 -35,-1.250914 -14.87981,0.267222 -29.754199,1.015462 -33.054199,1.662756 -9.329557,1.829989 -18.086664,4.960724 -20.100635,7.186138 -1.662928,1.837514 -1.695607,2.27433 -0.35215,4.707137 2.357191,4.268532 7.492604,6.093062 20.959425,7.446542 16.042664,1.61237 16.114064,1.69219 16.972299,18.971252 0.77006,15.50395 1.39891,16.76386 8.3672,16.76386 l 5.27577,0 z m -8.39922,-7.45739 c -1.16812,-1.78277 -2.0636,-5.80495 -2.5456,-11.43383 -0.87559,-10.225272 -2.01544,-13.616672 -5.141505,-15.297522 -1.26383,-0.67955 -7.41319,-1.51703 -13.665254,-1.86108 -9.548287,-0.52543 -11.588628,-0.92812 -12.749995,-2.516387 -0.760444,-1.039969 -1.382625,-2.203749 -1.382625,-2.586179 0,-1.895381 36.995709,-4.922414 60.160619,-4.922414 l 19.83939,0 0,3.476947 c 0,5.197663 -3.37155,6.989613 -13.46056,7.154203 -4.42169,0.0721 -9.03628,0.18463 -10.25464,0.25 -1.21837,0.0654 -3.79439,1.50539 -5.7245,3.20005 -3.42483,3.00704 -4.77555,6.147632 -7.59223,17.652852 -0.57011,2.32873 -2.08159,5.44895 -3.35882,6.93383 l -2.32225,2.69978 z m 4.94004,-11.86741 c 3.45153,-11.184052 6.57776,-16.088842 11.89561,-18.663162 4.92674,-2.384996 6.94655,-2.5357 12.91503,-0.963631 4.45652,1.173821 12.76435,-0.193298 12.76435,-2.10048 0,-1.838993 -10.20565,-2.309705 -36,-1.660415 -26.630639,0.67034 -34.000009,1.248021 -34.000009,2.66524 0,0.421229 3.9375,1.28522 8.75,1.91998 18.659039,2.461096 19.687369,3.335176 19.861379,16.882018 0.16832,13.1047 0.336,13.18913 3.81364,1.92045 z"
     id="path3808"
     inkscape:connector-curvature="0"
     sodipodi:nodetypes="ssscsssssssssssssssssssscccccsssscsssssssscsssssscssssssssssssssscccssssssscsssscssssssssscssssscscssssssssssssssssssssssssssssscsssssssssssssscssssssssssssssssssssssssssssssssssssscsssssssssssssssscsssssssssscsssssssscsscssscssssssssss" />
</svg>
