<?xml version="1.0" encoding="UTF-8" standalone="no"?>
<!-- Created with Inkscape (http://www.inkscape.org/) -->
<svg
   xmlns:dc="http://purl.org/dc/elements/1.1/"
   xmlns:cc="http://creativecommons.org/ns#"
   xmlns:rdf="http://www.w3.org/1999/02/22-rdf-syntax-ns#"
   xmlns:svg="http://www.w3.org/2000/svg"
   xmlns="http://www.w3.org/2000/svg"
   xmlns:sodipodi="http://sodipodi.sourceforge.net/DTD/sodipodi-0.dtd"
   xmlns:inkscape="http://www.inkscape.org/namespaces/inkscape"
   version="1.0"
   viewBox="0 0 290.0625 347.844"
   width="100%"
   height="100%"
   id="svg16413"
   sodipodi:version="0.32"
   inkscape:version="0.46"
   sodipodi:docname="svg"
   inkscape:output_extension="org.inkscape.output.svg.inkscape">
  <metadata
     id="metadata4276">
    <rdf:RDF>
      <cc:Work
         rdf:about="">
        <dc:format>image/svg+xml</dc:format>
        <dc:type
           rdf:resource="http://purl.org/dc/dcmitype/StillImage" />
      </cc:Work>
    </rdf:RDF>
  </metadata>
  <sodipodi:namedview
     inkscape:window-height="829"
     inkscape:window-width="1440"
     inkscape:pageshadow="2"
     inkscape:pageopacity="0.0"
     guidetolerance="10.0"
     gridtolerance="10.0"
     objecttolerance="10.0"
     borderopacity="1.0"
     bordercolor="#666666"
     pagecolor="#ffffff"
     id="base"
     showgrid="false"
     inkscape:zoom="1.4142136"
     inkscape:cx="40.845572"
     inkscape:cy="181.82499"
     inkscape:window-x="0"
     inkscape:window-y="25"
     inkscape:current-layer="svg16413" />
  <defs
     id="defs4269">
    <inkscape:perspective
       sodipodi:type="inkscape:persp3d"
       inkscape:vp_x="0 : 0.5 : 1"
       inkscape:vp_y="0 : 1000 : 0"
       inkscape:vp_z="1 : 0.5 : 1"
       inkscape:persp3d-origin="0.5 : 0.33333333 : 1"
       id="perspective4278" />
    <style
       type="text/css"
       id="style4271" />
  </defs>
  <g
     id="g4430">
    <path
       id="path4350"
       d="M 99.8125,0.00017530319 C 99.35433,0.0015731032 98.90307,0.013209503 98.4375,0.031425303 C 96.3092,0.1146973 94.107708,0.398519 91.84375,0.8439253 C 84.02072,2.3830153 82.741681,3.0368144 65.5625,14.343925 C 57.8625,19.411965 47.512501,26.199946 42.5625,29.437675 C 30.36539,37.415645 12.33737,46.452767 5.5625,47.968925 L 0,49.218925 L 2.59375,51.906425 C 6.68983,56.181815 14.51011,59.978588 19.3125,60.031425 C 22.34569,60.064805 25.164582,61.079346 29.15625,63.531425 C 32.90221,65.832565 36.211918,67.043634 39.1875,67.218925 C 41.63072,67.362845 45.814301,68.527676 48.46875,69.812675 C 51.8618,71.455225 54.941709,72.137587 58.90625,72.093925 C 62.4395,72.055025 66.517243,72.836208 69.8125,74.156425 C 74.85087,76.175015 75.2997,76.178242 80.15625,74.625175 L 85.21875,73.000175 L 86.6875,76.687675 C 89.62373,84.035235 91.643166,87.171894 95.28125,90.125175 L 98.96875,93.125175 L 97.4375,96.750175 C 94.00937,104.86681 98.37487,119.16454 106.78125,127.43768 C 109.8111,130.41951 112.66677,132.87517 113.15625,132.87518 C 114.97362,132.87518 113.96221,135.59444 111.125,138.31268 C 109.51491,139.85524 107.15241,143.42733 105.875,146.25018 C 103.86075,150.70127 103.57176,152.90181 103.625,162.87518 C 103.67935,173.05775 103.97183,175.02153 106.25,179.90643 C 107.66511,182.94073 110.48477,187.36936 112.5,189.78143 L 116.15625,194.18768 L 113.25,197.28143 C 111.64509,198.98505 109.02169,202.62517 107.4375,205.37518 C 104.80656,209.94225 104.56187,211.19773 104.59375,219.87518 C 104.63334,230.64946 105.60537,233.19422 113.46875,243.31268 C 116.00114,246.57132 118.0625,249.66301 118.0625,250.21893 C 118.0625,250.77485 117.14501,252.22089 116.03125,253.40643 C 110.71334,259.06708 112.25703,276.28617 118.71875,283.37518 C 123.38519,288.49462 123.37936,288.50929 120.625,292.56268 C 118.48237,295.71585 118.0625,297.46685 118.0625,303.12518 C 118.0625,313.89585 121.67433,319.93336 130.5625,323.96893 L 134.5625,325.78143 L 134.5625,335.15643 C 134.5625,341.649 134.989,345.07596 135.9375,346.21893 C 136.69235,347.12854 137.59235,347.85234 137.9375,347.84393 C 140.34832,347.7851 141.06251,345.3841 141.6875,335.09393 L 142.375,323.87518 L 145.25,323.87518 C 154.02174,323.87518 161.0625,314.8387 161.0625,303.56268 C 161.0625,298.37428 160.58602,296.45075 158.5625,293.46893 C 157.1875,291.44275 156.0625,289.52262 156.0625,289.21893 C 156.0625,288.91525 157.825,286.68561 159.96875,284.25018 C 168.14446,274.96208 170.14662,264.59718 165.71875,254.62518 C 164.3145,251.46268 162.70525,248.87517 162.125,248.87518 C 159.58173,248.87518 161.51067,245.7937 167.09375,240.93768 C 175.8089,233.35748 177.42707,229.67465 177.5,217.37518 C 177.56455,206.49041 176.92084,204.8637 169.65625,197.09393 L 166.59375,193.81268 L 171.34375,189.75018 C 180.77242,181.6908 184.07164,174.1261 184.03125,160.68768 C 184.00538,152.07983 182.07614,147.05086 175.9375,139.71893 L 171.8125,134.78143 L 178.46875,127.90643 C 186.81125,119.26511 190.0625,112.40455 190.0625,103.46893 C 190.0625,97.630845 190.28677,96.971455 192.8125,95.343925 C 197.00978,92.639305 201.07042,88.095837 202.625,84.375175 C 203.39552,82.531065 204.4792,80.716374 205.03125,80.375175 C 205.93538,79.816395 211.49821,79.373276 228.0625,78.468925 C 236.10974,78.029575 242.2135,76.829176 244.71875,75.187675 C 246.28359,74.162355 248.2437,73.927499 251.4375,74.406425 C 255.10126,74.955845 256.99533,74.588452 261.625,72.468925 C 264.75288,71.036935 269.06329,69.875175 271.21875,69.875175 C 273.3742,69.875175 276.88101,68.987452 279,67.906425 C 283.70655,65.505325 290.06249,58.309636 290.0625,55.375175 C 290.0625,53.395925 289.64044,53.235286 284.8125,53.593925 C 279.81598,53.965085 278.93482,53.630737 266.5625,46.531425 C 259.4125,42.428715 247.99915,34.860463 241.21875,29.718925 C 212.89494,8.2411453 208.01985,5.3260152 196.34375,2.9064253 C 183.62542,0.2708553 174.98408,3.3601953 168.59375,12.875175 C 163.4444,20.542375 163.9571,32.876694 169.71875,40.468925 C 171.01031,42.170845 172.0625,43.841214 172.0625,44.187675 C 172.0625,45.859085 165.56946,47.965956 161.25,47.687675 L 156.5625,47.375175 L 156.28125,38.656425 C 156.02762,30.985505 156.30516,29.227005 158.625,24.156425 C 160.58829,19.865185 161.12946,17.311575 160.78125,14.218925 C 159.5369,3.1675953 148.35221,-2.2416748 137.96875,3.1876753 C 130.29987,7.1976053 127.83073,16.478735 132.125,25.187675 C 133.69334,28.368335 134.18438,31.188466 134.125,36.843925 C 134.03689,45.236255 133.21913,46.643085 127.9375,47.500175 C 125.11965,47.957445 123.83231,47.548044 121.25,45.375175 C 119.49293,43.896695 118.0625,42.280945 118.0625,41.781425 C 118.0625,41.281895 119.55874,39.189254 121.40625,37.125175 C 125.77333,32.246165 127.45657,27.024784 126.5625,21.062675 C 124.59605,7.9494493 114.01579,-0.043156997 99.8125,0.00017530319 z M 167.46875,103.96893 C 167.69451,103.9737 168.08353,104.87518 168.5625,104.87518 C 169.3875,104.87518 170.0625,105.38686 170.0625,106.00018 C 170.0625,107.79015 162.93816,113.84215 158.375,115.93768 C 153.34996,118.24532 153.14291,118.27598 152.4375,116.43768 C 151.2515,113.347 152.713,111.29462 157.8125,108.93768 C 161.70414,107.139 162.30483,105.96506 162.78125,105.81268 C 163.62189,105.54381 167.16173,104.38497 167.375,104.03143 C 167.3999,103.99016 167.4365,103.96825 167.46875,103.96893 z M 118.65625,104.87518 C 121.07189,104.87518 133.1128,111.87706 133.8125,113.68768 C 135.60021,118.31375 125.73767,114.31794 119.625,107.93768 C 117.03199,105.23116 116.9211,104.87518 118.65625,104.87518 z M 132.59375,151.87518 C 133.77738,151.87518 134.0625,153.69881 134.0625,161.37518 C 134.0625,172.09493 133.03492,173.3149 129.9375,166.31268 C 128.5271,163.12425 128.14355,160.80589 128.625,158.56268 C 129.58904,154.07087 130.8861,151.87517 132.59375,151.87518 z M 151.28125,155.34393 C 151.92122,155.37631 153.10516,156.47479 154.09375,158.06268 C 156.33959,161.66998 156.14798,165.56904 153.53125,169.56268 C 152.70157,170.82893 151.56858,171.87517 151.03125,171.87518 C 149.7447,171.87518 149.74433,156.17053 151.03125,155.37518 C 151.09894,155.33335 151.18983,155.3393 151.28125,155.34393 z M 133.6875,215.37518 C 133.877,215.37974 134.07731,215.48374 134.28125,215.68768 C 134.96026,216.36669 134.95953,217.97902 134.3125,220.53143 C 133.35904,224.29274 133.34915,224.31653 132.625,221.68768 C 131.87442,218.96293 132.46768,215.73957 133.5,215.40643 C 133.55956,215.38721 133.62433,215.37366 133.6875,215.37518 z M 148.5625,217.90643 C 149.09198,217.74208 149.53649,218.95557 149.4375,221.68768 C 149.37134,223.51384 148.77932,225.53884 148.125,226.18768 C 147.20645,227.09851 147.01066,226.23559 147.25,222.37518 C 147.42077,219.62079 148.03302,218.07078 148.5625,217.90643 z M 134.3125,262.87518 C 134.46707,262.87518 134.58193,263.29185 134.78125,264.12518 C 135.01146,265.08768 135.01145,266.66269 134.78125,267.62518 C 134.38262,269.29185 134.31922,269.29186 133.59375,267.62518 C 133.17479,266.66268 133.17479,265.08769 133.59375,264.12518 C 133.95648,263.29184 134.15793,262.87518 134.3125,262.87518 z M 132.9375,300.09393 C 133.97946,300.14377 134.5184,302.91379 134.59375,308.43768 C 134.65322,312.79751 134.42536,317.50019 134.0625,318.87518 L 133.40625,321.37518 L 131.8125,318.37518 C 129.18622,313.33696 128.63807,306.5987 130.53125,302.93768 C 131.52234,301.02113 132.31233,300.06402 132.9375,300.09393 z M 144.25,303.06268 C 144.64608,302.99599 145.17613,303.36381 145.875,304.06268 C 147.34594,305.53362 147.45311,315.2809 146.03125,317.93768 C 145.4619,319.00152 144.44939,319.87389 143.78125,319.87518 C 142.89792,319.87688 142.6398,317.55746 142.875,311.37518 C 143.0978,305.51912 143.37861,303.2094 144.25,303.06268 z" />
    <g
       transform="translate(-4.46875,-4.0623247)"
       style="fill:#576953;fill-opacity:1"
       id="g4388">
      <path
         id="path4342"
         d="M 158.6354,317.26345 C 165.05928,306.86939 162.60789,298.89084 149.932,288.93638 C 148.88146,288.11138 146.18848,285.99751 143.9476,284.23888 C 141.70673,282.48026 138.61596,279.22705 137.07922,277.00954 C 134.61344,273.45142 134.3352,272.28572 134.71115,267.08833 L 135.13715,261.19896 L 130.97798,258.56767 C 128.69043,257.12046 126.09005,255.93638 125.19934,255.93638 C 120.93809,255.93638 118.77891,268.81321 121.8198,276.09109 C 124.73654,283.07183 133.91944,291.05199 143.52852,294.9565 C 148.55065,296.99717 154.30511,303.22857 155.10503,307.49251 C 155.76709,311.02158 155.3163,316.08105 153.90722,320.93638 C 153.25672,323.17783 153.3535,323.29548 154.84302,322.07396 C 155.75676,321.32463 157.46333,319.1599 158.6354,317.26345 z"
         style="fill:#576953;fill-opacity:1" />
      <path
         id="path4340"
         d="M 129.85295,316.02787 C 129.05762,309.31253 130.05024,304.93174 133.11645,301.62498 C 136.12715,298.37807 135.72095,296.27376 131.89828,295.31434 C 129.67225,294.75564 128.75059,295.15608 126.7883,297.53454 C 124.66732,300.10533 124.44288,301.19559 124.82103,307.0913 C 125.11318,311.64616 125.94902,314.8807 127.46976,317.3413 C 128.69179,319.31859 129.85874,320.93638 130.06296,320.93638 C 130.26719,320.93638 130.17269,318.72755 129.85295,316.02787 z"
         style="fill:#576953;fill-opacity:1" />
      <path
         id="path4338"
         d="M 159.68194,284.18638 C 164.87618,279.50315 167.4846,273.90366 167.4846,267.43638 C 167.4846,257.85048 161.57502,249.69499 149.00697,241.93638 C 141.7529,237.45824 134.77058,231.30516 132.95174,227.78791 C 130.70982,223.4525 131.14787,216.77639 133.94469,212.65505 C 136.73396,208.54484 136.80883,208.6618 127.76615,203.00435 C 121.67793,199.19533 121.25155,199.35461 117.09553,206.9906 C 113.11044,214.31252 112.62216,221.89758 115.54979,231.00254 C 117.46774,236.96737 118.84473,239.16092 123.96629,244.4101 C 127.68066,248.21702 132.56948,251.93786 136.39301,253.86798 C 148.71772,260.08947 154.67586,268.01018 151.1169,273.44184 C 150.21897,274.81225 149.52852,277.96781 149.52852,280.7012 C 149.52852,288.91864 153.0809,290.138 159.68194,284.18638 z"
         style="fill:#576953;fill-opacity:1" />
      <path
         id="path4332"
         d="M 165.35931,244.18548 C 172.38277,239.91426 176.68479,231.99918 177.32194,222.17601 C 177.75005,215.57579 177.51199,214.3451 174.70377,208.64079 C 173.00476,205.18962 170.58278,201.43437 169.32159,200.29579 C 166.02256,197.31748 151.64575,187.53976 147.52852,185.47423 C 145.60352,184.5085 141.21129,181.85492 137.76802,179.57737 C 132.38819,176.0189 131.22765,174.69258 129.51802,170.14887 C 126.26769,161.51042 126.94483,155.54969 131.78,150.23726 C 134.5429,147.20163 133.59329,145.62552 126.99804,142.30043 L 121.31726,139.43638 L 117.80871,143.43638 C 112.35939,149.64899 110.52852,154.85224 110.52852,164.12632 C 110.52852,171.00569 110.96315,173.06112 113.57502,178.53382 C 117.13712,185.99752 123.89768,193.01664 132.17948,197.84982 C 144.72016,205.16845 154.8523,212.42008 156.64505,215.35997 C 157.67685,217.052 158.52273,220.14181 158.52478,222.22622 C 158.52871,226.21365 155.76146,232.66824 153.10161,234.87572 C 150.45209,237.07463 151.3286,239.66402 155.77852,242.78389 C 160.85413,246.34243 161.62665,246.45544 165.35931,244.18548 z"
         style="fill:#576953;fill-opacity:1" />
      <path
         id="path4314"
         d="M 172.84426,132.80419 C 182.348,127.87801 190.4777,116.23877 191.2615,106.43638 C 191.70753,100.85829 191.51804,100.15512 188.56664,96.436378 C 183.66861,90.264908 178.42513,87.586298 171.14755,87.537918 C 164.51576,87.493838 159.24875,89.435068 158.73293,92.113498 C 158.5569,93.027538 159.722,95.240558 161.32205,97.031328 C 163.85782,99.869338 164.99447,100.34247 170.17769,100.71739 C 175.46314,101.09971 176.46836,100.85789 179.22069,98.541948 C 180.92379,97.108878 182.59509,95.936378 182.93469,95.936378 C 183.78093,95.936378 182.48953,103.9695 181.24672,106.43638 C 177.65024,113.57513 168.47249,121.19268 160.22362,123.88558 C 155.11783,125.55241 155.72573,127.43682 162.52852,131.03048 C 168.64224,134.26013 169.6884,134.44 172.84426,132.80419 z"
         style="fill:#576953;fill-opacity:1" />
      <path
         id="path4324"
         d="M 170.49573,187.46045 C 178.84401,181.33225 182.81117,173.20121 182.94899,161.93638 C 183.00487,157.36941 182.44727,154.26441 181.07401,151.49552 C 179.19407,147.70501 170.67887,137.93638 169.25468,137.93638 C 168.87466,137.93638 165.67589,136.16881 162.14628,134.00846 C 158.54776,131.80592 150.52349,128.4277 143.87866,126.31779 C 130.49362,122.06768 121.62508,117.20246 117.17986,111.67103 C 114.76222,108.66262 114.06689,106.70258 113.72103,101.92104 C 113.26478,95.613398 114.03344,94.626848 116.91951,97.815918 C 120.93762,102.2559 130.98375,100.987 135.30474,95.493738 C 137.57831,92.603368 137.37039,90.503618 134.7012,89.398448 C 127.40167,86.376088 118.69969,87.346488 112.04513,91.924948 C 103.61869,97.722488 101.21617,107.47856 105.93923,116.71962 C 110.39221,125.43226 116.73282,130.15965 138.33637,140.87407 C 156.5219,149.89329 159.78858,152.00306 162.59236,156.53967 C 166.44505,162.77346 164.02343,172.43473 157.0081,178.81853 C 153.10075,182.37414 152.73366,183.93154 155.27852,186.15623 C 157.62283,188.2056 162.70218,190.84674 164.39454,190.89634 C 165.14586,190.91836 167.89139,189.37221 170.49573,187.46045 z"
         style="fill:#576953;fill-opacity:1" />
    </g>
    <path
       style="fill:#000000;fill-opacity:1"
       d="M 116.78472,88.265673 C 115.54604,87.026993 117.15331,85.874053 120.11879,85.874053 C 121.73633,85.874053 123.05977,86.324053 123.05977,86.874053 C 123.05977,87.424053 122.42157,87.874053 121.64156,87.874053 C 120.86154,87.874053 119.60054,88.113043 118.83932,88.405153 C 118.07811,88.697253 117.15354,88.634493 116.78472,88.265673 z"
       id="path4322" />
    <path
       style="fill:#000000;fill-opacity:1"
       d="M 165.80977,88.184723 C 162.98923,87.447643 163.8003,85.874053 167.00075,85.874053 C 170.32754,85.874053 171.8554,87.354763 169.47224,88.269263 C 168.60541,88.601903 167.8205,88.821853 167.72798,88.758053 C 167.63547,88.694253 166.77227,88.436253 165.80977,88.184723 z"
       id="path4312" />
    <g
       transform="translate(-4.46875,-4.0623247)"
       style="fill:#d7d5c9;fill-opacity:1"
       id="g4414">
      <path
         id="path4348"
         d="M 143.52852,324.37736 C 143.52852,309.77414 143.17189,301.93638 142.50741,301.93638 C 141.8383,301.93638 141.53285,309.86099 141.62131,324.925 C 141.69803,337.98845 142.13888,347.67719 142.64242,347.36599 C 143.12977,347.06478 143.52852,336.7199 143.52852,324.37736 z"
         style="fill:#d7d5c9;fill-opacity:1" />
      <path
         id="path4336"
         d="M 145.63921,277.68638 C 145.85395,269.44142 144.8895,265.93638 142.40608,265.93638 C 141.05442,265.93638 141.34676,279.35462 142.72852,280.73638 C 144.80865,282.81651 145.52515,282.06572 145.63921,277.68638 z"
         style="fill:#d7d5c9;fill-opacity:1" />
      <path
         id="path4330"
         d="M 147.53865,228.93638 C 147.84528,215.4173 147.78791,215.12187 144.52852,213.43638 L 141.52852,211.88502 L 141.52852,222.37174 C 141.52852,231.8805 141.73317,233.04913 143.723,234.90294 C 144.92997,236.0274 146.24908,236.60743 146.65436,236.1919 C 147.05964,235.77636 147.45757,232.51138 147.53865,228.93638 z"
         style="fill:#d7d5c9;fill-opacity:1" />
      <path
         id="path4320"
         d="M 150.00024,168.76615 C 150.72157,155.72363 150.70585,155.57835 148.37858,153.78268 C 145.33042,151.43079 142.51443,150.51839 141.60207,151.58704 C 141.20325,152.05418 141.13605,158.41554 141.45273,165.7234 C 142.01063,178.59748 142.10622,179.05284 144.52852,180.37535 C 149.10922,182.87629 149.23459,182.61029 150.00024,168.76615 z"
         style="fill:#d7d5c9;fill-opacity:1" />
      <path
         id="path4310"
         d="M 151.67092,123.68638 C 152.08618,120.04132 152.4583,113.07559 153.50057,89.436378 C 154.13107,75.136378 154.8211,62.900108 155.03398,62.244658 C 155.24685,61.589208 155.50079,55.739208 155.59828,49.244658 L 155.77555,37.436378 L 148.92473,36.747008 C 145.15679,36.367858 141.93485,36.196718 141.76487,36.366688 C 141.5949,36.536668 141.24609,55.607148 140.98975,78.745548 C 140.62399,111.76027 140.79324,120.9898 141.7761,121.62586 C 143.41492,122.68644 148.68685,124.66515 150.27852,124.81707 C 150.96602,124.88269 151.5926,124.37388 151.67092,123.68638 z"
         style="fill:#d7d5c9;fill-opacity:1" />
    </g>
    <g
       transform="translate(-4.46875,-4.0623247)"
       style="fill:#d4d3de;fill-opacity:1"
       id="g4400">
      <path
         style="fill:#d4d3de;fill-opacity:1"
         d="M 171.77852,107.79203 C 172.22601,107.37581 170.46991,106.22487 168.56494,105.70809 C 166.65996,105.19132 163.50996,103.36843 161.56494,101.65721 L 158.02852,98.545898 L 157.72779,104.85708 C 157.56239,108.32823 157.6505,111.3917 157.9236,111.66479 C 158.19669,111.93788 160.42862,111.31801 162.97432,110.60955 C 165.86547,109.80495 170.27403,109.19137 171.77852,107.79203 z"
         id="path4398" />
      <path
         id="path4304"
         d="M 137.72942,111.18638 C 138.477,108.17304 138.70812,98.936378 138.03594,98.936378 C 137.68346,98.936378 135.9626,100.02048 134.2118,101.34547 C 132.461,102.67046 129.48849,104.37666 127.60622,105.13702 L 124.18393,106.51951 L 130.10622,109.57963 C 137.4132,113.35524 137.20237,113.31081 137.72942,111.18638 z"
         style="fill:#d4d3de;fill-opacity:1" />
      <path
         id="path4302"
         d="M 198.16341,90.456938 C 200.52405,87.993248 203.20271,84.837068 204.116,83.443208 C 205.75198,80.946398 205.70475,80.831508 200.92185,75.672648 C 198.25178,72.792698 195.72037,70.286178 195.29649,70.102588 C 194.87261,69.919008 192.49033,71.560488 190.00254,73.750328 C 183.27008,79.676478 179.13863,81.340378 171.02852,81.391898 C 167.17852,81.416368 162.90352,81.211378 161.52852,80.936378 C 159.24281,80.479238 159.02852,80.736378 159.02852,83.936378 C 159.02852,87.792958 158.89975,87.761498 166.92839,85.866808 C 173.27588,84.368858 181.89171,86.776558 187.30399,91.560788 C 189.35248,93.371578 191.66816,94.871858 192.44994,94.894748 C 193.23172,94.917648 195.80278,92.920628 198.16341,90.456938 z"
         style="fill:#d4d3de;fill-opacity:1" />
      <path
         id="path4300"
         d="M 109.43756,90.545978 C 110.07222,89.781258 112.92772,88.150558 115.7831,86.922208 C 120.04331,85.089508 122.09983,84.793898 127.24609,85.274468 C 130.69535,85.596558 134.36079,86.311428 135.39151,86.863048 C 137.73356,88.116478 138.52852,87.358698 138.52852,83.872768 L 138.52852,81.142498 L 130.27852,81.169358 C 123.95868,81.189928 120.95049,80.701668 117.42073,79.082408 C 113.1389,77.118128 106.49542,70.864868 103.92497,66.379348 C 102.90217,64.594538 102.48138,64.818728 98.17497,69.442848 C 95.61942,72.186928 93.52852,75.013478 93.52852,75.724068 C 93.52852,78.499048 97.66103,84.893958 101.67403,88.328928 C 106.26683,92.260198 107.67997,92.663748 109.43756,90.545978 z"
         style="fill:#d4d3de;fill-opacity:1" />
      <path
         id="path4298"
         d="M 220.94673,79.329388 C 223.34509,78.409058 222.87334,77.312608 219.06684,74.960058 C 217.16291,73.783368 213.52836,69.696668 210.99004,65.878498 C 206.86891,59.679428 206.02993,58.936378 203.15172,58.936378 C 196.1361,58.936378 195.79232,63.165918 202.24704,70.066538 C 207.15455,75.313068 210.92834,77.759678 216.02852,79.001308 C 217.67852,79.402998 219.10422,79.777718 219.19673,79.834018 C 219.28925,79.890318 220.07675,79.663228 220.94673,79.329388 z"
         style="fill:#d4d3de;fill-opacity:1" />
      <path
         id="path4296"
         d="M 135.15903,75.384568 C 137.87471,74.841158 138.49797,72.392788 138.51487,62.201708 L 138.52852,53.967038 L 132.53837,54.593138 L 126.54822,55.219228 L 122.03837,50.709388 C 116.43455,45.105568 116.17071,42.218658 120.90051,38.259178 C 125.45191,34.449058 127.52852,30.017458 127.52852,24.114648 C 127.52852,19.834658 127.04001,18.651428 123.77852,15.031718 C 118.81151,9.519158 112.3027,7.125628 102.92717,7.363908 C 96.79845,7.519668 94.67552,8.116538 87.42718,11.721788 C 82.80791,14.019368 76.49552,17.595068 73.39963,19.667788 C 70.30374,21.740518 64.00374,25.957038 59.39963,29.037848 C 41.15753,41.244418 31.69701,46.526118 14.04048,54.361328 L 10.05244,56.131048 L 12.8863,57.615858 C 18.07036,60.332058 25.81555,60.462158 32.76588,57.949778 C 44.50394,53.706758 75.90107,33.967098 78.84547,28.979118 C 81.25668,24.894408 82.52852,25.949748 82.52852,32.035228 C 82.52852,43.686748 93.1507,53.909988 105.27852,53.930798 C 107.06602,53.933868 108.52852,54.386378 108.52852,54.936378 C 108.52852,55.486378 108.01927,55.936378 107.39685,55.936378 C 105.58392,55.936378 107.04183,63.444138 109.53455,66.944848 C 112.41481,70.989798 118.64025,74.866658 123.8645,75.868748 C 127.71714,76.607738 129.40861,76.535228 135.15903,75.384568 z"
         style="fill:#d4d3de;fill-opacity:1" />
      <path
         id="path4294"
         d="M 244.52852,75.959428 C 244.52852,75.422108 243.29102,74.230348 241.77852,73.311068 C 234.63877,68.971628 229.6874,65.290748 225.93702,61.534398 C 217.73315,53.317478 218.07756,53.498978 214.59434,55.556568 C 212.90814,56.552628 211.52852,58.102068 211.52852,58.999768 C 211.52852,61.569408 222.9263,71.776668 228.75079,74.423128 C 234.13778,76.870808 244.52852,77.882578 244.52852,75.959428 z"
         style="fill:#d4d3de;fill-opacity:1" />
      <path
         id="path4292"
         d="M 86.59362,72.888348 C 88.55442,71.896168 92.29158,69.175438 94.8984,66.842278 C 102.61996,59.931328 102.91816,57.662908 96.26906,56.415528 C 92.62171,55.731278 92.32112,55.909988 85.77136,62.656628 C 82.0628,66.476658 77.79102,70.404098 76.27852,71.384268 C 73.10157,73.443078 72.80372,74.596418 75.27852,75.256478 C 77.82406,75.935408 82.50997,74.954698 86.59362,72.888348 z"
         style="fill:#d4d3de;fill-opacity:1" />
      <path
         id="path4290"
         d="M 177.02718,74.832398 C 182.88489,73.357408 188.95572,68.003088 191.08149,62.436858 C 192.46569,58.812388 192.55267,57.670408 191.53771,56.447448 C 190.84796,55.616358 190.45123,54.921018 190.65608,54.902258 C 190.86092,54.883488 194.47291,54.770988 198.68271,54.652258 C 205.49703,54.460068 206.81375,54.091658 210.68271,51.294788 C 217.41088,46.430988 221.00343,38.015658 219.37381,30.936378 C 218.58731,27.519688 221.88709,29.763408 223.39471,33.670428 C 225.05113,37.963078 232.92616,44.950698 249.31023,56.665638 C 262.60296,66.170208 278.80026,70.100068 285.77852,65.513738 C 289.54277,63.039758 289.22849,61.462668 284.70091,60.106168 C 274.96778,57.190058 256.3007,45.805228 235.72147,30.234188 C 209.23101,10.190498 200.00588,6.436948 184.79686,9.513798 C 181.59724,10.161098 175.46223,15.850788 173.87956,19.638638 C 170.97945,26.579588 172.86206,34.709568 178.78189,40.809158 L 182.51701,44.657688 L 180.27276,47.955088 C 175.69158,54.686068 169.89394,56.807288 162.27852,54.538748 L 159.52852,53.719558 L 159.52852,63.799378 L 159.52852,73.879198 L 162.77852,74.817598 C 167.29766,76.122448 171.88499,76.127218 177.02718,74.832398 z"
         style="fill:#d4d3de;fill-opacity:1" />
      <path
         id="path4288"
         d="M 260.94673,73.329388 C 262.64256,72.678638 263.15598,69.936378 261.58198,69.936378 C 259.64659,69.936378 239.75433,55.915618 232.64379,49.539738 C 225.02572,42.708758 223.17011,41.822028 222.13551,44.518168 C 220.59354,48.536458 221.63042,51.168468 226.77852,56.303958 C 238.78632,68.282348 254.1497,75.937658 260.94673,73.329388 z"
         style="fill:#d4d3de;fill-opacity:1" />
      <path
         id="path4286"
         d="M 69.54346,69.464268 C 72.02667,68.198538 77.54885,64.555878 81.81495,61.369448 L 89.5715,55.575938 L 86.35384,52.256158 C 84.58413,50.430278 82.77923,48.936378 82.34294,48.936378 C 81.90665,48.936378 79.18134,51.073878 76.28668,53.686378 C 69.57362,59.745078 62.18967,65.098958 56.77852,67.831128 C 51.6887,70.401068 51.40038,71.666798 55.77852,72.221218 C 60.57133,72.828148 64.47959,72.045368 69.54346,69.464268 z"
         style="fill:#d4d3de;fill-opacity:1" />
      <path
         id="path4284"
         d="M 53.02852,64.069208 C 58.40537,61.501228 80.52852,47.472828 80.52852,46.631318 C 80.52852,45.139158 77.17205,36.936378 76.56148,36.936378 C 76.133,36.936378 69.9878,41.278968 62.90548,46.586588 C 51.71187,54.975258 37.92635,62.936378 34.59406,62.936378 C 32.22162,62.936378 33.74116,64.940588 36.77852,65.817598 C 42.5297,67.478188 46.86812,67.011408 53.02852,64.069208 z"
         style="fill:#d4d3de;fill-opacity:1" />
    </g>
    <path
       style="fill:#757056;fill-opacity:1"
       d="M 154.17422,24.906023 C 161.31596,16.351363 155.95928,4.8740533 144.82491,4.8740533 C 140.51161,4.8740533 139.4134,5.3204133 136.45977,8.2740533 C 133.54652,11.187303 133.05977,12.354763 133.05977,16.428893 C 133.05977,20.705773 133.4779,21.581483 137.21949,25.140773 C 141.16799,28.896893 141.63579,29.073163 146.43233,28.612273 C 150.59347,28.212443 151.96008,27.558213 154.17422,24.906023 z"
       id="path4282" />
    <path
       style="fill:#000000;fill-opacity:1"
       d="M 144.65434,24.027073 C 144.31136,23.472113 144.96288,22.722193 146.10218,22.360593 C 149.17146,21.386443 151.82312,15.326023 150.26894,12.837383 C 147.77852,8.8495933 150.22225,7.1861333 153.40478,10.702793 C 155.76175,13.307213 155.48143,18.290623 152.80977,21.280643 C 150.3445,24.039673 145.64106,25.623613 144.65434,24.027073 z"
       id="path16479" />
  </g>
</svg>
