<?xml version="1.0" encoding="UTF-8" standalone="no"?>
<svg xmlns:dc="http://purl.org/dc/elements/1.1/" xmlns:cc="http://creativecommons.org/ns#" xmlns:rdf="http://www.w3.org/1999/02/22-rdf-syntax-ns#" xmlns:svg="http://www.w3.org/2000/svg" xmlns="http://www.w3.org/2000/svg" xmlns:xlink="http://www.w3.org/1999/xlink" xmlns:sodipodi="http://sodipodi.sourceforge.net/DTD/sodipodi-0.dtd" xmlns:inkscape="http://www.inkscape.org/namespaces/inkscape" width="100%" height="100%" id="doh logo" viewBox="0 0 18.870682 22.57043" version="1.1" inkscape:version="0.48.0 r9654" sodipodi:docname="ribbon.svg">
  <metadata id="metadata4231">
    <rdf:RDF>
      <cc:Work rdf:about="">
        <dc:format>image/svg+xml</dc:format>
        <dc:type rdf:resource="http://purl.org/dc/dcmitype/StillImage" />
        <dc:title>The Department of Happiness</dc:title>
      </cc:Work>
    </rdf:RDF>
  </metadata>
  <defs id="defs4229">
    <linearGradient xlink:href="#linearGradient6097" id="linearGradient3980" gradientUnits="userSpaceOnUse" gradientTransform="translate(-780.15594,-178.19276)" x1="344.60135" y1="1010.7886" x2="287.02737" y2="50.093983" />
    <linearGradient id="linearGradient6097">
      <stop id="stop6099" offset="0" style="stop-color:#c1c17b;stop-opacity:1;" />
      <stop id="stop6101" offset="1" style="stop-color:#bebe2c;stop-opacity:1;" />
    </linearGradient>
    <linearGradient xlink:href="#linearGradient6081" id="linearGradient3982" gradientUnits="userSpaceOnUse" gradientTransform="translate(-780.15594,-178.19276)" x1="752.50128" y1="828.07648" x2="104.03245" y2="105.23806" />
    <linearGradient id="linearGradient6081">
      <stop id="stop6083" offset="0" style="stop-color:#a4a40e;stop-opacity:1;" />
      <stop id="stop6085" offset="1" style="stop-color:#ad9711;stop-opacity:1;" />
    </linearGradient>
  </defs>
  <sodipodi:namedview pagecolor="#ffffff" bordercolor="#666666" borderopacity="1" objecttolerance="10" gridtolerance="10" guidetolerance="10" inkscape:pageopacity="0" inkscape:pageshadow="2" inkscape:window-width="884" inkscape:window-height="689" id="namedview4227" showgrid="false" fit-margin-top="0" fit-margin-left="0" fit-margin-right="0" fit-margin-bottom="0" inkscape:zoom="24.68603" inkscape:cx="8.9551211" inkscape:cy="13.088357" inkscape:window-x="316" inkscape:window-y="2" inkscape:window-maximized="0" inkscape:current-layer="doh logo" />
  <title id="title4205">The Department of Happiness</title>
  <g transform="matrix(0.06502238,-0.0016381,0.0016381,0.06502238,-0.08062559,0.1787248)" id="health" class="menuitem">
    <path inkscape:connector-curvature="0" id="path2924" d="M 99.8125,1.7530319e-4 C 99.35433,0.0015731 98.90307,0.0132095 98.4375,0.0314253 c -2.1283,0.083272 -4.329792,0.3670937 -6.59375,0.8125 -7.82303,1.53909 -9.102069,2.1928891 -26.28125,13.4999997 -7.7,5.06804 -18.049999,11.856021 -23,15.09375 -12.19711,7.97797 -30.22513,17.015092 -37,18.53125 l -5.5625,1.25 2.59375,2.6875 c 4.09608,4.27539 11.91636,8.072163 16.71875,8.125 3.03319,0.03338 5.852082,1.047921 9.84375,3.5 3.74596,2.30114 7.055668,3.512209 10.03125,3.6875 2.44322,0.14392 6.626801,1.308751 9.28125,2.59375 3.39305,1.64255 6.472959,2.324912 10.4375,2.28125 3.53325,-0.0389 7.610993,0.742283 10.90625,2.0625 5.03837,2.01859 5.4872,2.021817 10.34375,0.46875 l 5.0625,-1.625 1.46875,3.6875 c 2.93623,7.34756 4.955666,10.484219 8.59375,13.4375 l 3.6875,3 -1.53125,3.625 c -3.42813,8.116635 0.93737,22.414365 9.34375,30.687505 3.02985,2.98183 5.88552,5.43749 6.375,5.4375 1.81737,0 0.80596,2.71926 -2.03125,5.4375 -1.61009,1.54256 -3.97259,5.11465 -5.25,7.9375 -2.01425,4.45109 -2.30324,6.65163 -2.25,16.625 0.0543,10.18257 0.34683,12.14635 2.625,17.03125 1.41511,3.0343 4.23477,7.46293 6.25,9.875 l 3.65625,4.40625 -2.90625,3.09375 c -1.60491,1.70362 -4.22831,5.34374 -5.8125,8.09375 -2.63094,4.56707 -2.87563,5.82255 -2.84375,14.5 0.0396,10.77428 1.01162,13.31904 8.875,23.4375 2.53239,3.25864 4.59375,6.35033 4.59375,6.90625 0,0.55592 -0.91749,2.00196 -2.03125,3.1875 -5.31791,5.66065 -3.77422,22.87974 2.6875,29.96875 4.66644,5.11944 4.66061,5.13411 1.90625,9.1875 -2.14263,3.15317 -2.5625,4.90417 -2.5625,10.5625 0,10.77067 3.61183,16.80818 12.5,20.84375 l 4,1.8125 0,9.375 c 0,6.49257 0.4265,9.91953 1.375,11.0625 0.75485,0.90961 1.65485,1.63341 2,1.625 2.41082,-0.0588 3.12501,-2.45983 3.75,-12.75 l 0.6875,-11.21875 2.875,0 c 8.77174,0 15.8125,-9.03648 15.8125,-20.3125 0,-5.1884 -0.47648,-7.11193 -2.5,-10.09375 -1.375,-2.02618 -2.5,-3.94631 -2.5,-4.25 0,-0.30368 1.7625,-2.53332 3.90625,-4.96875 8.17571,-9.2881 10.17787,-19.653 5.75,-29.625 -1.40425,-3.1625 -3.0135,-5.75001 -3.59375,-5.75 -2.54327,0 -0.61433,-3.08148 4.96875,-7.9375 8.71515,-7.5802 10.33332,-11.26303 10.40625,-23.5625 0.0645,-10.88477 -0.57916,-12.51148 -7.84375,-20.28125 l -3.0625,-3.28125 4.75,-4.0625 c 9.42867,-8.05938 12.72789,-15.62408 12.6875,-29.0625 -0.0259,-8.60785 -1.95511,-13.63682 -8.09375,-20.96875 l -4.125,-4.9375 6.65625,-6.875 c 8.3425,-8.64132 11.59375,-15.50188 11.59375,-24.4375 0,-5.838085 0.22427,-6.497475 2.75,-8.125005 4.19728,-2.70462 8.25792,-7.248088 9.8125,-10.96875 0.77052,-1.84411 1.8542,-3.658801 2.40625,-4 0.90413,-0.55878 6.46696,-1.001899 23.03125,-1.90625 8.04724,-0.43935 14.151,-1.639749 16.65625,-3.28125 1.56484,-1.02532 3.52495,-1.260176 6.71875,-0.78125 3.66376,0.54942 5.55783,0.182027 10.1875,-1.9375 3.12788,-1.43199 7.43829,-2.59375 9.59375,-2.59375 2.15545,0 5.66226,-0.887723 7.78125,-1.96875 4.70655,-2.4011 11.06249,-9.596789 11.0625,-12.53125 0,-1.97925 -0.42206,-2.139889 -5.25,-1.78125 -4.99652,0.37116 -5.87768,0.03681 -18.25,-7.0625 -7.15,-4.10271 -18.56335,-11.670962 -25.34375,-16.8125 -28.32381,-21.4777797 -33.1989,-24.3929098 -44.875,-26.8124997 -12.71833,-2.63557 -21.35967,0.45377 -27.75,9.9687497 -5.14935,7.6672 -4.63665,20.001519 1.125,27.59375 1.29156,1.70192 2.34375,3.372289 2.34375,3.71875 0,1.67141 -6.49304,3.778281 -10.8125,3.5 l -4.6875,-0.3125 -0.28125,-8.71875 c -0.25363,-7.67092 0.0239,-9.42942 2.34375,-14.5 1.96329,-4.29124 2.50446,-6.84485 2.15625,-9.9375 -1.24435,-11.0513297 -12.42904,-16.4605998 -22.8125,-11.0312497 -7.66888,4.00993 -10.13802,13.2910597 -5.84375,21.9999997 1.56834,3.18066 2.05938,6.000791 2,11.65625 -0.0881,8.39233 -0.90587,9.79916 -6.1875,10.65625 -2.81785,0.45727 -4.10519,0.04787 -6.6875,-2.125 -1.75707,-1.47848 -3.1875,-3.09423 -3.1875,-3.59375 0,-0.49953 1.49624,-2.592171 3.34375,-4.65625 4.36708,-4.87901 6.05032,-10.100391 5.15625,-16.0625 C 124.59605,7.9494493 114.01579,-0.043157 99.8125,1.7530319e-4 z M 167.46875,103.96893 c 0.22576,0.005 0.61478,0.90625 1.09375,0.90625 0.825,0 1.5,0.51168 1.5,1.125 0,1.78997 -7.12434,7.84197 -11.6875,9.9375 -5.02504,2.30764 -5.23209,2.3383 -5.9375,0.5 -1.186,-3.09068 0.2755,-5.14306 5.375,-7.5 3.89164,-1.79868 4.49233,-2.97262 4.96875,-3.125 0.84064,-0.26887 4.38048,-1.42771 4.59375,-1.78125 0.0249,-0.0413 0.0615,-0.0632 0.0937,-0.0625 z m -48.8125,0.90625 c 2.41564,0 14.45655,7.00188 15.15625,8.8125 1.78771,4.62607 -8.07483,0.63026 -14.1875,-5.75 -2.59301,-2.70652 -2.7039,-3.0625 -0.96875,-3.0625 z m 13.9375,47 c 1.18363,0 1.46875,1.82363 1.46875,9.5 0,10.71975 -1.02758,11.93972 -4.125,4.9375 -1.4104,-3.18843 -1.79395,-5.50679 -1.3125,-7.75 0.96404,-4.49181 2.2611,-6.68751 3.96875,-6.6875 z m 18.6875,3.46875 c 0.63997,0.0324 1.82391,1.13086 2.8125,2.71875 2.24584,3.6073 2.05423,7.50636 -0.5625,11.5 -0.82968,1.26625 -1.96267,2.31249 -2.5,2.3125 -1.28655,0 -1.28692,-15.70465 0,-16.5 0.0677,-0.0418 0.15858,-0.0359 0.25,-0.0312 z m -17.59375,60.03125 c 0.1895,0.005 0.38981,0.10856 0.59375,0.3125 0.67901,0.67901 0.67828,2.29134 0.0312,4.84375 -0.95346,3.76131 -0.96335,3.7851 -1.6875,1.15625 -0.75058,-2.72475 -0.15732,-5.94811 0.875,-6.28125 0.0596,-0.0192 0.12433,-0.0328 0.1875,-0.0312 z m 14.875,2.53125 c 0.52948,-0.16435 0.97399,1.04914 0.875,3.78125 -0.0662,1.82616 -0.65818,3.85116 -1.3125,4.5 -0.91855,0.91083 -1.11434,0.0479 -0.875,-3.8125 0.17077,-2.75439 0.78302,-4.3044 1.3125,-4.46875 z m -14.25,44.96875 c 0.15457,0 0.26943,0.41667 0.46875,1.25 0.23021,0.9625 0.2302,2.53751 0,3.5 -0.39863,1.66667 -0.46203,1.66668 -1.1875,0 -0.41896,-0.9625 -0.41896,-2.53749 0,-3.5 0.36273,-0.83334 0.56418,-1.25 0.71875,-1.25 z m -1.375,37.21875 c 1.04196,0.0498 1.5809,2.81986 1.65625,8.34375 0.0595,4.35983 -0.16839,9.06251 -0.53125,10.4375 l -0.65625,2.5 -1.59375,-3 c -2.62628,-5.03822 -3.17443,-11.77648 -1.28125,-15.4375 0.99109,-1.91655 1.78108,-2.87366 2.40625,-2.84375 z m 11.3125,2.96875 c 0.39608,-0.0667 0.92613,0.30113 1.625,1 1.47094,1.47094 1.57811,11.21822 0.15625,13.875 -0.56935,1.06384 -1.58186,1.93621 -2.25,1.9375 -0.88333,0.002 -1.14145,-2.31772 -0.90625,-8.5 0.2228,-5.85606 0.50361,-8.16578 1.375,-8.3125 z" />
    <g transform="translate(-4.46875,-4.0623247)" style="fill:#576953;fill-opacity:1" id="g4388">
      <path inkscape:connector-curvature="0" id="path4342" d="m 158.6354,317.26345 c 6.42388,-10.39406 3.97249,-18.37261 -8.7034,-28.32707 -1.05054,-0.825 -3.74352,-2.93887 -5.9844,-4.6975 -2.24087,-1.75862 -5.33164,-5.01183 -6.86838,-7.22934 -2.46578,-3.55812 -2.74402,-4.72382 -2.36807,-9.92121 l 0.426,-5.88937 -4.15917,-2.63129 c -2.28755,-1.44721 -4.88793,-2.63129 -5.77864,-2.63129 -4.26125,0 -6.42043,12.87683 -3.37954,20.15471 2.91674,6.98074 12.09964,14.9609 21.70872,18.86541 5.02213,2.04067 10.77659,8.27207 11.57651,12.53601 0.66206,3.52907 0.21127,8.58854 -1.19781,13.44387 -0.6505,2.24145 -0.55372,2.3591 0.9358,1.13758 0.91374,-0.74933 2.62031,-2.91406 3.79238,-4.81051 z" style="fill:#576953;fill-opacity:1" />
      <path inkscape:connector-curvature="0" id="path4340" d="m 129.85295,316.02787 c -0.79533,-6.71534 0.19729,-11.09613 3.2635,-14.40289 3.0107,-3.24691 2.6045,-5.35122 -1.21817,-6.31064 -2.22603,-0.5587 -3.14769,-0.15826 -5.10998,2.2202 -2.12098,2.57079 -2.34542,3.66105 -1.96727,9.55676 0.29215,4.55486 1.12799,7.7894 2.64873,10.25 1.22203,1.97729 2.38898,3.59508 2.5932,3.59508 0.20423,0 0.10973,-2.20883 -0.21001,-4.90851 z" style="fill:#576953;fill-opacity:1" />
      <path inkscape:connector-curvature="0" id="path4338" d="m 159.68194,284.18638 c 5.19424,-4.68323 7.80266,-10.28272 7.80266,-16.75 0,-9.5859 -5.90958,-17.74139 -18.47763,-25.5 -7.25407,-4.47814 -14.23639,-10.63122 -16.05523,-14.14847 -2.24192,-4.33541 -1.80387,-11.01152 0.99295,-15.13286 2.78927,-4.11021 2.86414,-3.99325 -6.17854,-9.6507 -6.08822,-3.80902 -6.5146,-3.64974 -10.67062,3.98625 -3.98509,7.32192 -4.47337,14.90698 -1.54574,24.01194 1.91795,5.96483 3.29494,8.15838 8.4165,13.40756 3.71437,3.80692 8.60319,7.52776 12.42672,9.45788 12.32471,6.22149 18.28285,14.1422 14.72389,19.57386 -0.89793,1.37041 -1.58838,4.52597 -1.58838,7.25936 0,8.21744 3.55238,9.4368 10.15342,3.48518 z" style="fill:#576953;fill-opacity:1" />
      <path inkscape:connector-curvature="0" id="path4332" d="m 165.35931,244.18548 c 7.02346,-4.27122 11.32548,-12.1863 11.96263,-22.00947 0.42811,-6.60022 0.19005,-7.83091 -2.61817,-13.53522 -1.69901,-3.45117 -4.12099,-7.20642 -5.38218,-8.345 -3.29903,-2.97831 -17.67584,-12.75603 -21.79307,-14.82156 -1.925,-0.96573 -6.31723,-3.61931 -9.7605,-5.89686 -5.37983,-3.55847 -6.54037,-4.88479 -8.25,-9.4285 -3.25033,-8.63845 -2.57319,-14.59918 2.26198,-19.91161 2.7629,-3.03563 1.81329,-4.61174 -4.78196,-7.93683 l -5.68078,-2.86405 -3.50855,4 c -5.44932,6.21261 -7.28019,11.41586 -7.28019,20.68994 0,6.87937 0.43463,8.9348 3.0465,14.4075 3.5621,7.4637 10.32266,14.48282 18.60446,19.316 12.54068,7.31863 22.67282,14.57026 24.46557,17.51015 1.0318,1.69203 1.87768,4.78184 1.87973,6.86625 0.004,3.98743 -2.76332,10.44202 -5.42317,12.6495 -2.64952,2.19891 -1.77301,4.7883 2.67691,7.90817 5.07561,3.55854 5.84813,3.67155 9.58079,1.40159 z" style="fill:#576953;fill-opacity:1" />
      <path inkscape:connector-curvature="0" id="path4314" d="m 172.84426,132.80419 c 9.50374,-4.92618 17.63344,-16.56542 18.41724,-26.36781 0.44603,-5.57809 0.25654,-6.28126 -2.69486,-10.000002 -4.89803,-6.17147 -10.14151,-8.85008 -17.41909,-8.89846 -6.63179,-0.04408 -11.8988,1.89715 -12.41462,4.57558 -0.17603,0.91404 0.98907,3.12706 2.58912,4.91783 2.53577,2.83801 3.67242,3.311142 8.85564,3.686062 5.28545,0.38232 6.29067,0.1405 9.043,-2.175442 1.7031,-1.43307 3.3744,-2.60557 3.714,-2.60557 0.84624,0 -0.44516,8.033122 -1.68797,10.500002 -3.59648,7.13875 -12.77423,14.7563 -21.0231,17.4492 -5.10579,1.66683 -4.49789,3.55124 2.3049,7.1449 6.11372,3.22965 7.15988,3.40952 10.31574,1.77371 z" style="fill:#576953;fill-opacity:1" />
      <path inkscape:connector-curvature="0" id="path2932" d="m 170.49573,187.46045 c 8.34828,-6.1282 12.31544,-14.25924 12.45326,-25.52407 0.0559,-4.56697 -0.50172,-7.67197 -1.87498,-10.44086 -1.87994,-3.79051 -10.39514,-13.55914 -11.81933,-13.55914 -0.38002,0 -3.57879,-1.76757 -7.1084,-3.92792 -3.59852,-2.20254 -11.62279,-5.58076 -18.26762,-7.69067 -13.38504,-4.25011 -22.25358,-9.11533 -26.6988,-14.64676 -2.41764,-3.00841 -3.11297,-4.96845 -3.45883,-9.74999 -0.45625,-6.307642 0.31241,-7.294192 3.19848,-4.105122 4.01811,4.439982 14.06424,3.171082 18.38523,-2.32218 2.27357,-2.89037 2.06565,-4.99012 -0.60354,-6.09529 -7.29953,-3.02236 -16.00151,-2.05196 -22.65607,2.5265 -8.42644,5.79754 -10.82896,15.553612 -6.1059,24.794672 4.45298,8.71264 10.79359,13.44003 32.39714,24.15445 18.18553,9.01922 21.45221,11.12899 24.25599,15.6656 3.85269,6.23379 1.43107,15.89506 -5.58426,22.27886 -3.90735,3.55561 -4.27444,5.11301 -1.72958,7.3377 2.34431,2.04937 7.42366,4.69051 9.11602,4.74011 0.75132,0.022 3.49685,-1.52413 6.10119,-3.43589 z" style="fill:#576953;fill-opacity:1" />
    </g>
    <path inkscape:connector-curvature="0" style="fill:black;fill-opacity:1" d="m 116.78472,88.265673 c -1.23868,-1.23868 0.36859,-2.39162 3.33407,-2.39162 1.61754,0 2.94098,0.45 2.94098,1 0,0.55 -0.6382,1 -1.41821,1 -0.78002,0 -2.04102,0.23899 -2.80224,0.5311 -0.76121,0.2921 -1.68578,0.22934 -2.0546,-0.13948 z" id="path2934" />
    <path inkscape:connector-curvature="0" style="fill:black;fill-opacity:1" d="m 165.80977,88.184723 c -2.82054,-0.73708 -2.00947,-2.31067 1.19098,-2.31067 3.32679,0 4.85465,1.48071 2.47149,2.39521 -0.86683,0.33264 -1.65174,0.55259 -1.74426,0.48879 -0.0925,-0.0638 -0.95571,-0.3218 -1.91821,-0.57333 z" id="path4312" />
    <g transform="translate(-4.46875,-4.0623247)" style="fill:#d7d5c9;fill-opacity:1" id="g4414">
      <path inkscape:connector-curvature="0" id="path4348" d="m 143.52852,324.37736 c 0,-14.60322 -0.35663,-22.44098 -1.02111,-22.44098 -0.66911,0 -0.97456,7.92461 -0.8861,22.98862 0.0767,13.06345 0.51757,22.75219 1.02111,22.44099 0.48735,-0.30121 0.8861,-10.64609 0.8861,-22.98863 z" style="fill:#d7d5c9;fill-opacity:1" />
      <path inkscape:connector-curvature="0" id="path4336" d="m 145.63921,277.68638 c 0.21474,-8.24496 -0.74971,-11.75 -3.23313,-11.75 -1.35166,0 -1.05932,13.41824 0.32244,14.8 2.08013,2.08013 2.79663,1.32934 2.91069,-3.05 z" style="fill:#d7d5c9;fill-opacity:1" />
      <path inkscape:connector-curvature="0" id="path4330" d="m 147.53865,228.93638 c 0.30663,-13.51908 0.24926,-13.81451 -3.01013,-15.5 l -3,-1.55136 0,10.48672 c 0,9.50876 0.20465,10.67739 2.19448,12.5312 1.20697,1.12446 2.52608,1.70449 2.93136,1.28896 0.40528,-0.41554 0.80321,-3.68052 0.88429,-7.25552 z" style="fill:#d7d5c9;fill-opacity:1" />
      <path inkscape:connector-curvature="0" id="path4320" d="m 150.00024,168.76615 c 0.72133,-13.04252 0.70561,-13.1878 -1.62166,-14.98347 -3.04816,-2.35189 -5.86415,-3.26429 -6.77651,-2.19564 -0.39882,0.46714 -0.46602,6.8285 -0.14934,14.13636 0.5579,12.87408 0.65349,13.32944 3.07579,14.65195 4.5807,2.50094 4.70607,2.23494 5.47172,-11.6092 z" style="fill:#d7d5c9;fill-opacity:1" />
      <path inkscape:connector-curvature="0" id="path4310" d="m 151.67092,123.68638 c 0.41526,-3.64506 0.78738,-10.61079 1.82965,-34.250002 0.6305,-14.3 1.32053,-26.53627 1.53341,-27.19172 0.21287,-0.65545 0.46681,-6.50545 0.5643,-13 l 0.17727,-11.80828 -6.85082,-0.68937 c -3.76794,-0.37915 -6.98988,-0.55029 -7.15986,-0.38032 -0.16997,0.16998 -0.51878,19.24046 -0.77512,42.37886 -0.36576,33.014722 -0.19651,42.244252 0.78635,42.880312 1.63882,1.06058 6.91075,3.03929 8.50242,3.19121 0.6875,0.0656 1.31408,-0.44319 1.3924,-1.13069 z" style="fill:#d7d5c9;fill-opacity:1" />
    </g>
    <g transform="translate(-4.46875,-4.0623247)" style="fill:#d4d3de;fill-opacity:1" id="g4400">
      <path inkscape:connector-curvature="0" style="fill:#d4d3de;fill-opacity:1" d="m 171.77852,107.79203 c 0.44749,-0.41622 -1.30861,-1.56716 -3.21358,-2.08394 -1.90498,-0.51677 -5.05498,-2.33966 -7,-4.05088 l -3.53642,-3.111312 -0.30073,6.311182 c -0.1654,3.47115 -0.0773,6.53462 0.19581,6.80771 0.27309,0.27309 2.50502,-0.34678 5.05072,-1.05524 2.89115,-0.8046 7.29971,-1.41818 8.8042,-2.81752 z" id="path4398" />
      <path inkscape:connector-curvature="0" id="path4304" d="m 137.72942,111.18638 c 0.74758,-3.01334 0.9787,-12.250002 0.30652,-12.250002 -0.35248,0 -2.07334,1.084102 -3.82414,2.409092 -1.7508,1.32499 -4.72331,3.03119 -6.60558,3.79155 l -3.42229,1.38249 5.92229,3.06012 c 7.30698,3.77561 7.09615,3.73118 7.6232,1.60675 z" style="fill:#d4d3de;fill-opacity:1" />
      <path inkscape:connector-curvature="0" id="path2946" d="m 198.16341,90.456938 c 2.36064,-2.46369 5.0393,-5.61987 5.95259,-7.01373 1.63598,-2.49681 1.58875,-2.6117 -3.19415,-7.77056 -2.67007,-2.87995 -5.20148,-5.38647 -5.62536,-5.57006 -0.42388,-0.18358 -2.80616,1.4579 -5.29395,3.64774 -6.73246,5.92615 -10.86391,7.59005 -18.97402,7.64157 -3.85,0.02447 -8.125,-0.18052 -9.5,-0.45552 -2.28571,-0.45714 -2.5,-0.2 -2.5,3 0,3.85658 -0.12877,3.82512 7.89987,1.93043 6.34749,-1.49795 14.96332,0.90975 20.3756,5.69398 2.04849,1.81079 4.36417,3.31107 5.14595,3.33396 0.78178,0.0229 3.35284,-1.97412 5.71347,-4.43781 z" style="fill:#d4d3de;fill-opacity:1" />
      <path inkscape:connector-curvature="0" id="path4300" d="m 109.43756,90.545978 c 0.63466,-0.76472 3.49016,-2.39542 6.34554,-3.62377 4.26021,-1.8327 6.31673,-2.12831 11.46299,-1.64774 3.44926,0.32209 7.1147,1.03696 8.14542,1.58858 2.34205,1.25343 3.13701,0.49565 3.13701,-2.99028 l 0,-2.73027 -8.25,0.02686 c -6.31984,0.02057 -9.32803,-0.46769 -12.85779,-2.08695 -4.28183,-1.96428 -10.92531,-8.21754 -13.49576,-12.70306 -1.0228,-1.78481 -1.44359,-1.56062 -5.75,3.0635 -2.55555,2.74408 -4.64645,5.57063 -4.64645,6.28122 0,2.77498 4.13251,9.16989 8.14551,12.60486 4.5928,3.93127 6.00594,4.33482 7.76353,2.21705 z" style="fill:#d4d3de;fill-opacity:1" />
      <path inkscape:connector-curvature="0" id="path4298" d="m 220.94673,79.329388 c 2.39836,-0.92033 1.92661,-2.01678 -1.87989,-4.36933 -1.90393,-1.17669 -5.53848,-5.26339 -8.0768,-9.08156 -4.12113,-6.19907 -4.96011,-6.94212 -7.83832,-6.94212 -7.01562,0 -7.3594,4.22954 -0.90468,11.13016 4.90751,5.24653 8.6813,7.69314 13.78148,8.93477 1.65,0.40169 3.0757,0.77641 3.16821,0.83271 0.0925,0.0563 0.88002,-0.17079 1.75,-0.50463 z" style="fill:#d4d3de;fill-opacity:1" />
      <path inkscape:connector-curvature="0" id="path4296" d="m 135.15903,75.384568 c 2.71568,-0.54341 3.33894,-2.99178 3.35584,-13.18286 l 0.0136,-8.23467 -5.99015,0.6261 -5.99015,0.62609 -4.50985,-4.50984 c -5.60382,-5.60382 -5.86766,-8.49073 -1.13786,-12.45021 4.5514,-3.81012 6.62801,-8.24172 6.62801,-14.14453 0,-4.27999 -0.48851,-5.46322 -3.75,-9.08293 -4.96701,-5.51256 -11.47582,-7.90609 -20.85135,-7.66781 -6.12872,0.15576 -8.25165,0.75263 -15.49999,4.35788 -4.61927,2.29758 -10.93166,5.87328 -14.02755,7.946 -3.09589,2.07273 -9.39589,6.28925 -14,9.37006 -18.2421,12.20657 -27.70262,17.48827 -45.35915,25.32348 l -3.98804,1.76972 2.83386,1.48481 c 5.18406,2.7162 12.92925,2.8463 19.87958,0.33392 11.73806,-4.24302 43.13519,-23.98268 46.07959,-28.97066 2.41121,-4.08471 3.68305,-3.02937 3.68305,3.05611 0,11.65152 10.62218,21.87476 22.75,21.89557 1.7875,0.0031 3.25,0.45558 3.25,1.00558 0,0.55 -0.50925,1 -1.13167,1 -1.81293,0 -0.35502,7.50776 2.1377,11.00847 2.88026,4.04495 9.1057,7.92181 14.32995,8.9239 3.85264,0.73899 5.54411,0.66648 11.29453,-0.48418 z" style="fill:#d4d3de;fill-opacity:1" />
      <path inkscape:connector-curvature="0" id="path4294" d="m 244.52852,75.959428 c 0,-0.53732 -1.2375,-1.72908 -2.75,-2.64836 -7.13975,-4.33944 -12.09112,-8.02032 -15.8415,-11.77667 -8.20387,-8.21692 -7.85946,-8.03542 -11.34268,-5.97783 -1.6862,0.99606 -3.06582,2.5455 -3.06582,3.4432 0,2.56964 11.39778,12.7769 17.22227,15.42336 5.38699,2.44768 15.77773,3.45945 15.77773,1.5363 z" style="fill:#d4d3de;fill-opacity:1" />
      <path inkscape:connector-curvature="0" id="path4292" d="m 86.59362,72.888348 c 1.9608,-0.99218 5.69796,-3.71291 8.30478,-6.04607 7.72156,-6.91095 8.01976,-9.17937 1.37066,-10.42675 -3.64735,-0.68425 -3.94794,-0.50554 -10.4977,6.2411 -3.70856,3.82003 -7.98034,7.74747 -9.49284,8.72764 -3.17695,2.05881 -3.4748,3.21215 -1,3.87221 2.54554,0.67893 7.23145,-0.30178 11.3151,-2.36813 z" style="fill:#d4d3de;fill-opacity:1" />
      <path inkscape:connector-curvature="0" id="path4290" d="m 177.02718,74.832398 c 5.85771,-1.47499 11.92854,-6.82931 14.05431,-12.39554 1.3842,-3.62447 1.47118,-4.76645 0.45622,-5.98941 -0.68975,-0.83109 -1.08648,-1.52643 -0.88163,-1.54519 0.20484,-0.01877 3.81683,-0.13127 8.02663,-0.25 6.81432,-0.19219 8.13104,-0.5606 12,-3.35747 6.72817,-4.8638 10.32072,-13.27913 8.6911,-20.35841 -0.7865,-3.41669 2.51328,-1.17297 4.0209,2.73405 1.65642,4.29265 9.53145,11.28027 25.91552,22.99521 13.29273,9.50457 29.49003,13.43443 36.46829,8.8481 3.76425,-2.47398 3.44997,-4.05107 -1.07761,-5.40757 -9.73313,-2.91611 -28.40021,-14.30094 -48.97944,-29.87198 -26.49046,-20.04369 -35.71559,-23.79724 -50.92461,-20.72039 -3.19962,0.6473 -9.33463,6.33699 -10.9173,10.12484 -2.90011,6.94095 -1.0175,15.07093 4.90233,21.17052 l 3.73512,3.84853 -2.24425,3.2974 c -4.58118,6.73098 -10.37882,8.8522 -17.99424,6.58366 l -2.75,-0.81919 0,10.07982 0,10.07982 3.25,0.9384 c 4.51914,1.30485 9.10647,1.30962 14.24866,0.0148 z" style="fill:#d4d3de;fill-opacity:1" />
      <path inkscape:connector-curvature="0" id="path4288" d="m 260.94673,73.329388 c 1.69583,-0.65075 2.20925,-3.39301 0.63525,-3.39301 -1.93539,0 -21.82765,-14.02076 -28.93819,-20.39664 -7.61807,-6.83098 -9.47368,-7.71771 -10.50828,-5.02157 -1.54197,4.01829 -0.50509,6.6503 4.64301,11.78579 12.0078,11.97839 27.37118,19.6337 34.16821,17.02543 z" style="fill:#d4d3de;fill-opacity:1" />
      <path inkscape:connector-curvature="0" id="path4286" d="m 69.54346,69.464268 c 2.48321,-1.26573 8.00539,-4.90839 12.27149,-8.09482 l 7.75655,-5.79351 -3.21766,-3.31978 c -1.76971,-1.82588 -3.57461,-3.31978 -4.0109,-3.31978 -0.43629,0 -3.1616,2.1375 -6.05626,4.75 -6.71306,6.0587 -14.09701,11.41258 -19.50816,14.14475 -5.08982,2.56994 -5.37814,3.83567 -1,4.39009 4.79281,0.60693 8.70107,-0.17585 13.76494,-2.75695 z" style="fill:#d4d3de;fill-opacity:1" />
      <path inkscape:connector-curvature="0" id="path4284" d="m 53.02852,64.069208 c 5.37685,-2.56798 27.5,-16.59638 27.5,-17.43789 0,-1.49216 -3.35647,-9.69494 -3.96704,-9.69494 -0.42848,0 -6.57368,4.34259 -13.656,9.65021 -11.19361,8.38867 -24.97913,16.34979 -28.31142,16.34979 -2.37244,0 -0.8529,2.00421 2.18446,2.88122 5.75118,1.66059 10.0896,1.19381 16.25,-1.74839 z" style="fill:#d4d3de;fill-opacity:1" />
    </g>
    <path inkscape:connector-curvature="0" style="fill:#757056;fill-opacity:1" d="m 154.17422,24.906023 c 7.14174,-8.55466 1.78506,-20.0319697 -9.34931,-20.0319697 -4.3133,0 -5.41151,0.44636 -8.36514,3.4 -2.91325,2.9132497 -3.4,4.0807097 -3.4,8.1548397 0,4.27688 0.41813,5.15259 4.15972,8.71188 3.9485,3.75612 4.4163,3.93239 9.21284,3.4715 4.16114,-0.39983 5.52775,-1.05406 7.74189,-3.70625 z" id="path4282" />
    <path inkscape:connector-curvature="0" style="fill:black;fill-opacity:1" d="m 144.65434,24.027073 c -0.34298,-0.55496 0.30854,-1.30488 1.44784,-1.66648 3.06928,-0.97415 5.72094,-7.03457 4.16676,-9.52321 -2.49042,-3.9877897 -0.0467,-5.6512497 3.13584,-2.13459 2.35697,2.60442 2.07665,7.58783 -0.59501,10.57785 -2.46527,2.75903 -7.16871,4.34297 -8.15543,2.74643 z" id="path16479" />
  </g>
</svg>
