<?xml version="1.0" encoding="UTF-8" standalone="no"?>
<!-- Created with Inkscape (http://www.inkscape.org/) -->

<svg
   xmlns:dc="http://purl.org/dc/elements/1.1/"
   xmlns:cc="http://creativecommons.org/ns#"
   xmlns:rdf="http://www.w3.org/1999/02/22-rdf-syntax-ns#"
   xmlns:svg="http://www.w3.org/2000/svg"
   xmlns="http://www.w3.org/2000/svg"
   xmlns:sodipodi="http://sodipodi.sourceforge.net/DTD/sodipodi-0.dtd"
   xmlns:inkscape="http://www.inkscape.org/namespaces/inkscape"
   version="1.1"
   inkscape:version="0.48.1 "
   viewBox="0 0 251.07968 247.19199"
   width="100%"
   height="100%"
   sodipodi:docname="svg.svg">
  <metadata
     id="metadata8">
    <rdf:RDF>
      <cc:Work
         rdf:about="">
        <dc:format>image/svg+xml</dc:format>
        <dc:type
           rdf:resource="http://purl.org/dc/dcmitype/StillImage" />
        <dc:title></dc:title>
      </cc:Work>
    </rdf:RDF>
  </metadata>
  <defs
     id="defs6" />
  <sodipodi:namedview
     pagecolor="#ffffff"
     bordercolor="#666666"
     borderopacity="1"
     objecttolerance="10"
     gridtolerance="10"
     guidetolerance="10"
     inkscape:pageopacity="0"
     inkscape:pageshadow="2"
     inkscape:window-width="1280"
     inkscape:window-height="1002"
     id="namedview4"
     showgrid="false"
     inkscape:zoom="1.3763751"
     inkscape:cx="85.270536"
     inkscape:cy="140.27477"
     inkscape:window-x="-8"
     inkscape:window-y="-8"
     inkscape:window-maximized="1"
     fit-margin-top="0"
     fit-margin-left="0"
     fit-margin-right="0"
     fit-margin-bottom="0" />
  <path
     inkscape:connector-curvature="0"
     id="path2989"
     d="m 187.81411,2.716159 c 11.75893,-2.39762998 17.02749,-3.37276168 17.02749,-2.25438498 0,0.347581 -3.01281,2.57205098 -3.79945,4.51238298 -1.24989,3.082988 -1.45528,6.815618 -3.5059,10.799933 -0.73454,1.42719 7.48735,11.110701 2.99734,8.156663 -2.04132,-1.343008 3.59928,12.478954 20.74208,44.912801 10.65444,20.158001 17.74539,36.288626 22.51885,51.054206 3.55299,10.99034 7.13306,27.0295 7.27646,37.16767 0.23909,16.90202 -4.46434,30.69408 -12.41705,40.33288 -0.87352,1.01744 -2.43867,1.98754 -3.93503,3.3729 -9.92267,9.18664 -23.68861,15.06891 -42.34721,18.09522 -11.96242,1.94022 -17.60009,2.61371 -18.2125,0.57618 -0.89053,-2.96286 -0.18997,-3.23868 9.22149,-4.27285 58.24423,-6.40007 75.82195,-40.39306 52.16844,-100.88686 -5.70162,-14.581896 -15.19039,-33.518555 -26.87435,-53.632937 -5.04986,-8.693525 -10.75376,-18.731409 -12.67532,-22.306409 -1.92157,-3.575 -3.81814,-7.880928 -4.05763,-8.155928 -0.23948,-0.275 -1.29605,1.893428 -2.50491,3.405928 -2.80311,3.507187 -3.05467,6.784913 -5.88806,-0.363947 -2.01637,-5.087467 -2.75179,-3.99771 -10.98474,-1.340822 -2.56391,0.82741 -3.00687,2.694859 -2.75,-2.869637 0.0902,-1.954577 -0.14394,-4.704328 -0.63381,-5.007088 -0.48988,-0.30276 -3.88347,1.746547 -6.87843,4.521601 l -5.47401,5.072072 c -3.98915,3.696235 2.2564,-9.765285 -1.67118,-6.762179 -1.93761,1.481537 -5.9063,5.615837 -8.63441,8.169674 -8.07404,7.558263 -9.58244,12.45271 -10.92788,19.547172 -2.94063,15.505895 7.33045,31.577407 41.03462,69.78315 11.35749,12.87441 20.97696,29.1283 23.83598,40.27533 2.84089,11.07632 0.36134,24.96536 -5.81602,32.57816 -1.61643,1.99203 -5.86936,7.85519 -5.1467,6.42615 5.67664,-11.22536 11.01705,-21.99721 8.87795,-31.18582 -3.78781,-16.27078 -9.33719,-26.33571 -35.93921,-54.96742 C 144.63053,98.300584 136.03481,86.98427 130.96162,74.122344 125.95825,61.437438 128.08387,47.165628 132.54765,38.14913 139.30356,24.502691 149.25532,16.529544 163.6566,9.745722 172.10136,5.767759 178.52105,4.611001 187.81411,2.716159 z M 85.521971,245.7495 c -1.53567,-0.83269 -3.6952,-1.22735 -4.79896,-0.87704 -2.78566,0.88414 -7.86753,-2.2949 -7.6153,-5.13452 0.1951,-2.19649 5.0308,-5.79912 6.98012,-8.11033 3.41844,-4.05305 2.19237,1.05228 0.31938,4.07138 -3.49155,5.62809 -0.52315,5.48684 3.4069,1.64456 3.83218,-3.7466 5.99022,-4.47403 5,0.44098 -0.73109,3.62879 1.50515,3.93219 7.56407,1.15832 0,0 4.426299,-1.99527 6.436549,-2.27828 3.23768,-0.4558 8.80017,1.20516 8.80017,1.20516 12.44301,1.87562 24.11433,1.8597 38.89799,-0.0531 19.57945,-2.53326 20.77468,-3.27283 15.75483,-10.52863 -5.14143,-7.43155 -4.63834,-7.59476 -2.63704,-6.77781 1.61069,0.6575 11.18311,11.88056 11.16812,13.09392 -0.0957,7.74455 -28.93018,13.07532 -58.33532,10.78473 -13.58686,-1.05838 -14.67121,-1.00753 -19.553979,0.91708 -6.09688,2.40317 -7.66115,2.46409 -11.38753,0.44355 z m 26.792139,-30.59647 c -6.23261,-3.27543 -17.735639,-15.4493 -21.051449,-22.27915 -2.40021,-4.94392 -2.90253,-7.26358 -2.92337,-13.5 -0.0217,-6.47764 0.38281,-8.26671 2.89335,-12.79796 4.05263,-7.31458 10.282399,-12.16943 17.924809,-13.96879 7.4233,-1.74777 12.72187,-1.681 17.26582,0.21758 4.61348,1.92764 4.26157,3.2668 -0.85916,3.26942 -10.8069,0.006 -20.64525,3.94927 -26.506989,10.62543 -9.36994,10.67177 -5.96646,24.16075 10.513229,41.66705 4.63743,4.92632 8.0519,8.93705 7.58772,8.91274 -0.46418,-0.0243 -2.64396,-0.99015 -4.84396,-2.14632 z m 70.96036,-7.55948 c 4.28747,-12.42674 4.48631,-28.20989 -0.60443,-40.0861 -6.64821,-15.50964 -19.46898,-28.36933 -45.60829,-45.74673 -7.98885,-5.31098 -18.86014,-13.54002 -24.15843,-18.28675 -5.29829,-4.746726 -10.79976,-9.547126 -12.22548,-10.667546 -1.425719,-1.12043 -3.353759,-3.509807 -4.284539,-5.30974 -2.49439,-4.823615 -7.72155,-10.261148 -16.9096,-17.59016 -7.02645,-5.604768 -8.42543,-7.20473 -13.15584,-15.381585 -3.43718,-5.941427 -6.251334,-11.054402 -7.289235,-11.064416 -2.09282,-0.02019 -6.293325,6.857907 -6.224515,12.639738 0.07743,6.505983 -1.918818,7.010323 -3.656629,0.565262 -2.024453,-7.508137 -2.902918,-11.529088 0.533525,-18.872597 3.779948,-8.077564 3.824143,-9.1126 0.576653,-13.505092 l -2.54645,-3.44428 2.79645,-2.245033 c 4.709257,-3.780662 6.296451,-3.068451 6.296451,2.825365 0,4.191321 0.975439,6.968187 5.52993,15.891279 8.37872,16.415461 13.03355,23.593389 20.63195,28.63674 9.78461,6.494426 12.67532,11.629976 16.31796,17.767039 1.504759,2.535191 3.044679,4.62461 3.453489,4.62461 0.4088,0 5.97804,4.88882 12.37607,10.86404 9.53225,8.902306 13.75971,12.030146 23.41169,17.322006 12.83099,7.0348 24.59475,14.9809 30.61715,20.68108 8.04851,7.61787 17.02249,23.13115 19.60287,33.88738 2.28671,9.5321 1.45673,31.46317 -1.35301,35.75138 -1.90582,2.90865 -5.83213,5.6841 -4.12774,0.74411 z m -145.687554,-49.87844 -5.84457,-0.99925 c -0.745477,-0.12746 -4.957784,-0.86988 -9.200987,-1.52956 -7.435093,-1.15591 -6.640305,0.36188 -10.507352,-4.22421 -0.716146,-0.84931 -2.8812635,-5.0397 -3.7610485,-5.22598 C 5.1264495,145.06989 0.08400846,145.79681 1.7146498e-4,143.924 -0.04533854,142.90729 8.9817475,143.44726 11.327943,143.34012 c 1.57054,-0.0717 3.316758,1.93089 3.265706,3.41891 -0.07599,2.21507 3.182476,4.1819 14.892869,5.5971 5.207993,0.62939 9.751139,0.325 14.502146,0.76488 4.111252,0.38065 4.909341,-0.061 8.192655,-4.65233 2.247129,-3.14237 5.868294,-8.50741 7.989463,-12.45241 5.099449,-9.48407 6.516849,-11.67272 7.559389,-11.67272 0.39872,0 1.83417,0.97485 2.03792,1.21069 0.83288,0.96404 -0.95514,4.16731 -4.36343,11.16549 -2.44394,5.0181 -5.072857,9.92773 -5.685066,11.30273 -4.262193,9.57274 -5.118813,10.55628 -14.507544,10.16391 z m 13.097371,-30.12156 c -1.383368,-3.15786 -4.671626,-14.82943 -7.448383,-15.28558 -9.920549,-1.62971 -24.606251,-3.89801 -24.063975,-6.79483 0.367781,-1.96467 -1.593149,-2.73987 -5.242841,-2.87559 -2.646312,-0.0984 -4.3391635,-3.246666 -5.5741135,-5.849126 -1.746019,-3.67946 -1.743531,-3.91445 0.07768,-7.33816 C 11.854085,83.018268 24.543141,70.577511 31.814111,67.59591 c 20.186483,-8.277854 16.808553,-5.227303 4.293199,1.880186 -9.967481,5.660548 -19.952962,15.832843 -19.293199,18.936137 0.375908,1.768141 -0.97002,3.346021 -1.897403,3.658101 -2.787552,0.93805 0.275006,7.27562 3.689229,6.9458 2.882269,-0.27843 4.91387,1.431846 4.703056,3.399976 -0.306909,2.86524 0.510427,2.00428 13.505118,4.97369 5.225,1.19396 10.770151,2.18016 11.285755,2.44078 0.54061,0.27326 5.348656,16.28408 5.714245,19.0256 0.132396,0.99282 0.189625,0.9998 -0.751091,1.39255 -1.815995,0.75819 -1.670713,-1.03896 -2.378733,-2.65518 z"
     style="fill:#000000;fill-opacity:1;stroke:none"
     sodipodi:nodetypes="cssssssscssssssscsssssssssssssssssssccsssssssssssssssccsssssscsscsssssssssssssscsssssssssssscsssssssssssssssccsssssssssssssssss" />
</svg>
