<?xml version="1.0" encoding="UTF-8" standalone="no"?>
<!-- Created with Inkscape (http://www.inkscape.org/) -->

<svg
   xmlns:dc="http://purl.org/dc/elements/1.1/"
   xmlns:cc="http://creativecommons.org/ns#"
   xmlns:rdf="http://www.w3.org/1999/02/22-rdf-syntax-ns#"
   xmlns:svg="http://www.w3.org/2000/svg"
   xmlns="http://www.w3.org/2000/svg"
   xmlns:sodipodi="http://sodipodi.sourceforge.net/DTD/sodipodi-0.dtd"
   xmlns:inkscape="http://www.inkscape.org/namespaces/inkscape"
   id="svg2"
   version="1.1"
   inkscape:version="0.48.4 r9939"
   height="100%"
   xml:space="preserve"
   sodipodi:docname="Beer City.svg"
   viewBox="0 0 271.64999 182.30051"
   width="100%"><metadata
     id="metadata8"><rdf:RDF><cc:Work
         rdf:about=""><dc:format>image/svg+xml</dc:format><dc:type
           rdf:resource="http://purl.org/dc/dcmitype/StillImage" /><dc:title></dc:title></cc:Work></rdf:RDF></metadata><defs
     id="defs6"><clipPath
       clipPathUnits="userSpaceOnUse"
       id="clipPath16"><path
         d="m 189,323 235.32,0 0,146.84 -235.32,0 0,-146.84 z"
         id="path18"
         inkscape:connector-curvature="0" /></clipPath><clipPath
       clipPathUnits="userSpaceOnUse"
       id="clipPath38"><path
         d="M 0,792 612,792 612,0 0,0 0,792 z"
         id="path40"
         inkscape:connector-curvature="0" /></clipPath></defs><sodipodi:namedview
     pagecolor="#ffffff"
     bordercolor="#666666"
     borderopacity="1"
     objecttolerance="10"
     gridtolerance="10"
     guidetolerance="10"
     inkscape:pageopacity="0"
     inkscape:pageshadow="2"
     inkscape:window-width="1855"
     inkscape:window-height="1056"
     id="namedview4"
     showgrid="false"
     fit-margin-top="0"
     fit-margin-left="0"
     fit-margin-right="0"
     fit-margin-bottom="0"
     inkscape:zoom="1.9070707"
     inkscape:cx="291.301"
     inkscape:cy="88.820074"
     inkscape:window-x="65"
     inkscape:window-y="24"
     inkscape:window-maximized="1"
     inkscape:current-layer="g10" /><g
     id="g10"
     inkscape:groupmode="layer"
     inkscape:label="minouche1"
     transform="matrix(1.25,0,0,-1.25,-247.5,587.3)"><g
       id="g12"><g
         id="g14"
         clip-path="url(#clipPath16)"><g
           id="g20"
           transform="translate(248.8594,402.5713)"><path
             d="m 0,0 c 0,0 2.706,1.933 2.706,6.959 0,5.025 -5.606,7.731 -5.606,7.731 l 0.387,2.706 c 0,0 7.088,0.258 8.376,5.994 C 7.152,29.124 2.9,33.44 2.9,33.44 l 1.159,2.321 c 0,0 5.993,-2.126 9.665,3.478 3.673,5.607 0,9.665 0,9.665 l 1.633,1.934 c 0,0 5.906,-3.672 10.739,0 4.832,3.673 3.125,9.698 3.125,9.698 l 2.094,1.32 c 0,0 3.673,-4.833 10.245,-3.092 6.572,1.739 5.412,7.924 5.412,7.924 l 3.19,0.581 c 0,0 2.029,-5.993 7.442,-5.993 5.412,0 8.892,5.993 8.892,5.993 l 2.706,-0.581 c 0,0 0.58,-6.185 5.799,-7.924 5.22,-1.741 9.858,2.706 9.858,2.706 l 2.127,-1.16 c 0,0 -1.74,-6.314 3.092,-9.439 4.833,-3.126 10.44,-0.226 10.44,-0.226 l 1.996,-2.191 c 0,0 -3.221,-3.608 0,-8.827 3.222,-5.22 9.601,-4.446 9.601,-4.446 l 1.16,-2.706 c 0,0 -4.833,-3.867 -3.286,-8.7 1.546,-4.832 8.312,-6.764 8.312,-6.764 l 0,-2.513 c 0,0 -5.412,-3.286 -5.316,-7.732 C 113.081,2.319 115.981,0 115.981,0 L 0,0 z"
             style="fill:#484743;fill-opacity:1;fill-rule:nonzero;stroke:none"
             id="path22"
             inkscape:connector-curvature="0" /></g><g
           id="g24"
           transform="translate(204,404.0996)"><path
             d="m 0,0 c 0,0 -6,0 -6,-6 l 0,-68.1 c 0,0 0,-6 6,-6 l 205.32,0 c 0,0 6,0 6,6 l 0,68.1 c 0,0 0,6 -6,6 L 0,0 z"
             style="fill:#484743;fill-opacity:1;fill-rule:nonzero;stroke:none"
             id="path26"
             inkscape:connector-curvature="0" /></g><g
           id="g28"
           transform="translate(259.6064,398.9395)"><path
             d="m 0,0 -51.446,0 c 0,0 -5,0 -5,-5 l 0,-59.899 c 0,0 0,-5 5,-5 l 197,0 c 0,0 5,0 5,5 l 0,59.899 c 0,0 0,5 -5,5 L 93.807,0 0,0"
             style="fill:none;stroke:#efb24c;stroke-width:1.29999995;stroke-linecap:butt;stroke-linejoin:miter;stroke-miterlimit:4;stroke-opacity:1;stroke-dasharray:none"
             id="path30"
             inkscape:connector-curvature="0" /></g></g></g><path
       d="m 260.04,395.28 93.12,0 0,5.04 -93.12,0 0,-5.04 z"
       style="fill:#484743;fill-opacity:1;fill-rule:nonzero;stroke:none"
       id="path32"
       inkscape:connector-curvature="0" /><g
       id="g34"><g
         id="g36"
         clip-path="url(#clipPath38)"><g
           id="g42"
           transform="translate(239.3491,367.374)"><path
             d="m 0,0 c -3.408,0 -5.472,-4.8 -7.056,-7.872 -2.496,-4.897 -6.432,-16.944 -8.208,-18.864 -0.432,-0.432 -0.768,-0.624 -1.248,-0.624 -0.48,0 -0.864,0.096 -0.96,0.096 -0.24,0 -0.48,-0.049 -0.48,-0.288 0,-0.673 1.536,-0.673 1.968,-0.673 0.816,-0.047 1.632,0.145 2.448,0.145 0.768,0 1.536,-0.145 2.304,-0.145 0.624,0 1.728,0.049 1.728,0.769 0,0.143 -0.096,0.192 -0.24,0.192 -0.192,0 -0.432,-0.096 -0.672,-0.096 -0.96,0 -1.056,0.383 -1.056,1.056 0,1.44 4.608,12.048 6.912,18.96 0.48,1.44 2.016,6.48 4.608,6.48 1.92,0 2.304,-1.632 2.64,-1.632 0.192,0 0.288,0.143 0.288,0.384 C 2.976,-1.008 1.344,0 0,0 m 6.911,-28.225 c 1.728,0 2.16,0 2.832,0.865 0.624,0.768 0.768,1.152 0.768,1.728 0,0.288 -0.144,0.288 -0.384,0.288 -0.432,0 -0.24,-2.016 -2.064,-2.016 -0.672,0 -0.96,0.72 -0.96,1.296 0,2.688 3.6,7.872 5.088,10.176 -0.864,0.672 -2.64,0.816 -4.656,0.816 -5.184,0 -12.624,-4.512 -12.624,-9.073 0,-3.071 1.776,-4.08 4.608,-4.08 1.344,0 2.4,0.193 3.6,0.865 -0.048,-0.288 -0.144,-0.384 -0.144,-0.672 0,-0.096 0.048,-0.193 0.336,-0.193 l 3.6,0 z m -9.024,4.321 c 0,4.032 6.672,7.967 10.272,7.967 0.384,0 0.72,-0.095 0.96,-0.191 -1.152,-1.92 -2.4,-3.552 -3.696,-6.768 -0.576,-1.344 -1.584,-3.984 -4.704,-3.984 -1.92,0 -2.832,1.151 -2.832,2.976 m 30.768,5.616 c 0,-2.689 -2.64,-6.72 -4.08,-8.16 -0.528,-0.529 -1.104,-1.056 -1.104,-1.489 0,-0.143 0.192,-0.288 0.528,-0.288 0.288,0 0.576,0.193 1.008,0.193 0.624,0 1.296,-0.193 2.112,-0.193 1.344,0 2.304,0.912 2.304,1.489 0,0.144 -0.192,0.192 -0.384,0.192 -0.288,0 -0.768,-0.336 -1.44,-0.336 -0.768,0 -1.392,0.144 -1.392,0.576 0,0.528 5.136,4.416 5.136,8.352 0,2.112 -1.44,3.168 -3.456,3.168 -1.44,0 -4.128,-1.441 -5.232,-2.304 0.096,0.576 0.576,1.296 0.576,1.68 0,0.144 -0.096,0.336 -0.288,0.336 -0.24,0 -0.576,-0.192 -0.96,-0.336 -2.544,-1.008 -4.896,-1.632 -4.896,-2.064 0,-0.144 0.048,-0.24 0.24,-0.24 0.672,0 1.776,0.48 2.544,0.576 -1.536,-2.928 -2.928,-5.808 -4.512,-8.736 -0.384,-0.768 -0.96,-1.488 -1.968,-1.488 -0.48,0 -0.912,-0.432 -0.912,-0.672 0,-0.193 0.384,-0.193 0.672,-0.193 0.768,0 1.776,0.193 2.352,0.193 0.384,0 1.056,-0.193 2.304,-0.193 0.432,0 2.208,0.721 2.208,1.297 0,0.192 -0.096,0.384 -0.336,0.384 -0.336,0 -0.72,-0.816 -1.296,-0.816 -0.288,0 -0.528,0.144 -0.528,0.528 0,1.008 1.056,2.736 1.584,3.647 1.392,2.545 3.936,7.057 7.296,7.057 1.44,0 1.92,-0.768 1.92,-2.16 m 5.635,-4.992 c 0,-3.408 2.64,-4.945 5.904,-4.945 1.008,0 1.92,0.193 2.688,0.529 4.08,1.776 5.76,6.96 8.592,14.256 2.928,7.584 3.696,12.671 6.816,12.671 1.296,0 2.016,-0.911 2.208,-0.911 0.192,0 0.24,0.144 0.24,0.287 0,0.913 -1.776,1.489 -2.496,1.489 -1.488,0 -2.64,-0.912 -3.552,-2.016 -2.928,-3.504 -5.328,-9.984 -7.104,-14.208 -0.768,1.248 -2.448,1.824 -3.84,1.824 -4.512,0 -9.456,-4.32 -9.456,-8.976 m 2.688,-0.912 c 0,3.696 3.504,8.832 7.44,8.832 1.152,0 2.304,-0.432 2.304,-1.825 0,-1.295 -3.168,-10.175 -6.672,-10.175 -2.256,0 -3.072,0.96 -3.072,3.168 m 26.587,6.768 c 0,1.68 -2.736,2.64 -4.08,2.64 -1.968,0 -3.504,-1.008 -3.504,-3.12 0,-1.152 0.72,-2.256 1.44,-3.312 0.624,-0.912 1.536,-2.16 1.536,-3.36 0,-1.872 -1.44,-2.784 -3.264,-2.784 -0.624,0 -2.496,0.096 -2.496,0.816 0,0.336 0.192,0.72 0.192,1.104 0,0.671 -0.384,1.728 -1.248,1.728 -0.672,0 -0.96,-0.72 -0.96,-1.296 0,-0.816 0.912,-2.016 1.584,-2.4 1.344,-0.768 1.536,-0.817 3.6,-0.817 2.256,0 4.992,1.345 4.992,3.889 0,1.392 -0.864,2.784 -1.776,4.08 -0.864,1.248 -1.776,2.4 -1.776,3.12 0,1.008 0.72,1.488 1.728,1.488 0.432,0 0.768,-0.096 1.056,-0.192 0.336,-0.097 0.336,-2.544 1.968,-2.544 0.672,0 1.008,0.288 1.008,0.96 m 2.366,-5.376 c 0,-3.217 2.256,-5.425 5.472,-5.425 2.4,0 3.84,0.721 5.424,2.401 1.488,1.536 1.968,1.92 1.968,2.496 0,0.192 -0.193,0.24 -0.289,0.24 -0.287,0 -2.543,-3.792 -6.047,-3.792 -2.4,0 -3.84,2.448 -3.84,4.608 0,3.216 3.36,6.624 6.624,6.624 2.351,0 2.976,-0.24 2.976,-1.008 0,-0.672 -0.768,-1.536 -1.201,-1.536 -0.287,0 -0.623,-0.192 -0.623,-0.48 0,-0.672 1.056,-0.864 1.728,-0.864 1.536,0 2.592,1.488 2.592,2.88 0,0.624 -0.096,1.872 -0.768,1.872 -0.433,0 -0.769,-0.384 -1.441,-0.384 -1.007,0 -1.92,0.384 -3.744,0.384 -4.559,0 -8.831,-3.361 -8.831,-8.016 m 28.3,-5.425 c 1.728,0 2.16,0 2.832,0.865 0.624,0.768 0.768,1.152 0.768,1.728 0,0.288 -0.144,0.288 -0.384,0.288 -0.433,0 -0.24,-2.016 -2.064,-2.016 -0.672,0 -0.961,0.72 -0.961,1.296 0,2.688 3.601,7.872 5.088,10.176 -0.863,0.672 -2.639,0.816 -4.655,0.816 -5.185,0 -12.624,-4.512 -12.624,-9.073 0,-3.071 1.775,-4.08 4.607,-4.08 1.344,0 2.401,0.193 3.601,0.865 -0.048,-0.288 -0.144,-0.384 -0.144,-0.672 0,-0.096 0.047,-0.193 0.336,-0.193 l 3.6,0 z m -9.024,4.321 c 0,4.032 6.672,7.967 10.272,7.967 0.384,0 0.72,-0.095 0.96,-0.191 -1.152,-1.92 -2.4,-3.552 -3.696,-6.768 -0.576,-1.344 -1.584,-3.984 -4.704,-3.984 -1.92,0 -2.832,1.151 -2.832,2.976 m 29.578,5.568 c 0,-2.977 -2.928,-9.024 -6.336,-9.024 -1.441,0 -3.072,0.672 -3.072,2.304 0,1.968 3.408,9.408 7.055,9.408 1.681,0 2.353,-1.056 2.353,-2.688 m 2.688,-1.681 c 0,2.785 -1.68,5.233 -4.656,5.233 -1.152,0 -2.256,-0.576 -3.264,-1.153 -0.144,0.336 -0.24,0.673 -0.48,0.673 -0.336,0 -5.952,-1.536 -5.952,-1.968 0,-0.192 0.096,-0.432 0.24,-0.432 0.672,0 1.632,0.384 2.448,0.528 -1.92,-3.456 -3.408,-7.056 -4.848,-10.704 -1.44,-3.648 -3.168,-7.488 -6.096,-9.744 C 94.529,-37.872 94,-38.256 94,-38.448 c 0,-0.144 0.049,-0.288 0.241,-0.288 0.144,0 0.384,0.096 0.816,0.383 3.408,2.065 7.199,6.577 9.455,12.241 1.105,-1.776 2.449,-2.113 4.465,-2.113 4.08,0 8.496,4.033 8.496,8.208 m 3.138,-2.975 c 0,-3.264 2.592,-5.233 5.712,-5.233 1.536,0 2.64,0.049 4.176,0.817 0.384,0.192 2.784,1.488 2.784,2.16 0,0.192 -0.096,0.288 -0.24,0.288 -0.289,0 -0.576,-0.288 -1.008,-0.624 -0.72,-0.528 -2.208,-1.296 -4.224,-1.296 -1.824,0 -4.129,1.776 -4.129,4.032 0.576,-0.144 1.345,-0.192 1.969,-0.192 2.064,0 4.224,0.432 6.144,1.776 1.68,1.2 3.168,3.552 3.168,4.896 0,1.44 -1.152,2.064 -2.352,2.064 -4.56,0 -12,-3.505 -12,-8.688 m 11.664,6.048 c 0,-1.248 -1.152,-2.688 -2.496,-3.744 -1.2,-0.96 -2.689,-1.488 -4.609,-1.488 -0.576,0 -1.055,0.192 -1.584,0.239 0,2.929 3.889,6.289 6.625,6.289 0.959,0 2.064,-0.144 2.064,-1.296 m 16.315,-0.48 c 0,1.68 -2.736,2.64 -4.08,2.64 -1.968,0 -3.504,-1.008 -3.504,-3.12 0,-1.152 0.719,-2.256 1.44,-3.312 0.624,-0.912 1.536,-2.16 1.536,-3.36 0,-1.872 -1.44,-2.784 -3.265,-2.784 -0.623,0 -2.496,0.096 -2.496,0.816 0,0.336 0.193,0.72 0.193,1.104 0,0.671 -0.384,1.728 -1.248,1.728 -0.672,0 -0.96,-0.72 -0.96,-1.296 0,-0.816 0.912,-2.016 1.584,-2.4 1.343,-0.768 1.536,-0.817 3.599,-0.817 2.257,0 4.992,1.345 4.992,3.889 0,1.392 -0.863,2.784 -1.775,4.08 -0.864,1.248 -1.776,2.4 -1.776,3.12 0,1.008 0.719,1.488 1.727,1.488 0.433,0 0.769,-0.096 1.057,-0.192 0.336,-0.097 0.336,-2.544 1.968,-2.544 0.672,0 1.008,0.288 1.008,0.96"
             style="fill:#ffffff;fill-opacity:1;fill-rule:nonzero;stroke:none"
             id="path44"
             inkscape:connector-curvature="0" /></g><g
           id="g46"
           transform="translate(223.5898,385.4961)"><path
             d="m 0,0 c 0,-2.31 -1.77,-3.51 -4.5,-3.51 l -0.84,0 0,5.401 c 0,1.019 1.05,1.229 1.92,1.229 C -1.44,3.12 0,2.04 0,0 m 1.68,-8.58 c 0,-2.489 -2.07,-3.569 -4.89,-3.569 -0.54,0 -2.13,0 -2.13,1.229 l 0,5.76 1.29,0 c 3.69,0 5.73,-1.11 5.73,-3.42 m 1.26,8.641 c 0,2.429 -2.01,3.99 -4.11,4.5 C -1.83,4.74 -2.64,4.83 -3.9,4.83 l -7.08,0 c -0.18,0 -0.33,-0.09 -0.33,-0.3 l 0,-0.599 c 0,-0.241 0.06,-0.33 0.33,-0.33 2.31,-0.031 2.85,-0.451 2.85,-1.71 l 0,-12.811 c 0,-1.29 -0.54,-1.649 -2.85,-1.68 -0.27,0 -0.33,-0.12 -0.33,-0.33 l 0,-0.599 c 0,-0.241 0.15,-0.301 0.33,-0.301 l 7.53,0 c 4.02,0 8.13,1.11 8.13,5.25 0,2.641 -2.01,4.23 -4.65,4.77 1.62,0.75 2.91,2.04 2.91,3.871 m 5.733,-13.891 15.18,0 c 0.6,1.98 1.62,3.78 2.34,5.101 0.12,0.24 -0.03,0.45 -0.24,0.45 l -0.24,0 c -0.24,0 -0.36,-0.181 -0.48,-0.391 -1.35,-2.25 -4.62,-3.479 -7.68,-3.479 l -0.42,0 c -2.31,0.059 -2.82,0.42 -2.82,1.71 l 0,5.279 4.71,0 c 1.26,0 1.65,-1.079 1.71,-2.13 0,-0.239 0.09,-0.3 0.3,-0.3 l 0.69,0 c 0.21,0 0.3,0.09 0.3,0.3 0,0.36 -0.18,1.86 -0.18,2.971 0,1.109 0.18,2.609 0.18,2.969 0,0.241 -0.09,0.33 -0.3,0.33 l -0.69,0 c -0.21,0 -0.3,-0.06 -0.3,-0.33 -0.06,-1.02 -0.45,-2.099 -1.71,-2.099 l -4.71,0 0,4.889 c 0,1.29 0.51,1.65 2.82,1.68 l 2.22,0 c 1.95,0 2.49,-0.75 2.49,-2.04 0,-0.12 -0.03,-0.3 0.24,-0.3 l 0.99,0 c 0.21,0 0.3,0.12 0.39,0.33 l 1.05,3.031 c 0.09,0.269 -0.15,0.689 -0.66,0.689 l -15.18,0 c -0.21,0 -0.33,-0.059 -0.33,-0.3 l 0,-0.599 c 0,-0.241 0.06,-0.33 0.33,-0.33 2.31,-0.031 2.85,-0.451 2.85,-1.71 l 0,-12.811 c 0,-1.29 -0.54,-1.649 -2.85,-1.68 -0.27,0 -0.33,-0.12 -0.33,-0.33 l 0,-0.63 c 0,-0.21 0.12,-0.27 0.33,-0.27 m 21.131,0 15.18,0 c 0.6,1.98 1.62,3.78 2.34,5.101 0.12,0.24 -0.03,0.45 -0.24,0.45 l -0.24,0 c -0.24,0 -0.36,-0.181 -0.48,-0.391 -1.35,-2.25 -4.62,-3.479 -7.68,-3.479 l -0.42,0 c -2.31,0.059 -2.82,0.42 -2.82,1.71 l 0,5.279 4.71,0 c 1.26,0 1.65,-1.079 1.71,-2.13 0,-0.239 0.09,-0.3 0.3,-0.3 l 0.69,0 c 0.21,0 0.3,0.09 0.3,0.3 0,0.36 -0.18,1.86 -0.18,2.971 0,1.109 0.18,2.609 0.18,2.969 0,0.241 -0.09,0.33 -0.3,0.33 l -0.69,0 c -0.21,0 -0.3,-0.06 -0.3,-0.33 -0.06,-1.02 -0.45,-2.099 -1.71,-2.099 l -4.71,0 0,4.889 c 0,1.29 0.51,1.65 2.82,1.68 l 2.22,0 c 1.95,0 2.49,-0.75 2.49,-2.04 0,-0.12 -0.03,-0.3 0.24,-0.3 l 0.99,0 c 0.21,0 0.3,0.12 0.39,0.33 l 1.05,3.031 c 0.09,0.269 -0.15,0.689 -0.66,0.689 l -15.18,0 c -0.21,0 -0.33,-0.059 -0.33,-0.3 l 0,-0.599 c 0,-0.241 0.06,-0.33 0.33,-0.33 2.31,-0.031 2.85,-0.451 2.85,-1.71 l 0,-12.811 c 0,-1.29 -0.54,-1.649 -2.85,-1.68 -0.27,0 -0.33,-0.12 -0.33,-0.33 l 0,-0.63 c 0,-0.21 0.12,-0.27 0.33,-0.27 M 58.586,3.12 c 1.74,0 3.42,-1.05 3.42,-3.479 0,-2.611 -1.86,-3.87 -4.59,-3.87 l -0.84,0 0,6.12 c 0,1.019 1.05,1.229 2.01,1.229 m -0.57,1.71 -7.08,0 c -0.18,0 -0.33,-0.09 -0.33,-0.3 l 0,-0.599 c 0,-0.241 0.06,-0.33 0.33,-0.33 2.31,-0.031 2.85,-0.451 2.85,-1.71 l 0,-12.811 c 0,-1.29 -0.54,-1.649 -2.85,-1.68 -0.27,0 -0.33,-0.12 -0.33,-0.33 l 0,-0.69 c 0,-0.21 0.12,-0.27 0.33,-0.27 1.95,0 2.94,0.18 4.17,0.18 1.23,0 2.34,-0.18 4.29,-0.18 0.21,0 0.33,0.06 0.33,0.27 l 0,0.69 c 0,0.21 -0.09,0.33 -0.33,0.33 -2.31,0.031 -2.82,0.42 -2.82,1.68 l 0,5.731 2.16,0 c 1.05,-2.13 2.82,-5.34 3.96,-6.96 1.53,-2.101 3.45,-2.011 5.43,-2.011 0.24,0 0.33,0.091 0.42,0.301 l 0.18,0.689 c 0.06,0.271 -0.15,0.3 -0.24,0.3 -0.63,0 -1.92,0.24 -2.7,1.32 -1.32,1.92 -2.91,4.321 -4.14,6.901 1.8,0.689 3.3,2.04 3.3,4.29 0,2.309 -1.68,3.929 -3.48,4.679 -0.81,0.33 -1.71,0.51 -3.45,0.51 m 55.229,-0.87 c -0.931,0 -1.83,1.17 -4.62,1.17 -5.07,0 -9.39,-4.35 -9.39,-9.659 0,-5.341 4.32,-9.66 9.66,-9.66 1.919,0 3.84,0.359 5.43,1.229 0.15,0.721 0.57,2.07 1.23,3.3 0.121,0.211 0,0.45 -0.209,0.45 l -0.271,0 c -0.24,0 -0.36,-0.18 -0.511,-0.42 -0.808,-1.349 -3.089,-2.189 -5.339,-2.189 -4.049,0 -6.93,3.09 -6.93,7.71 0,4.139 2.519,7.439 6.51,7.439 2.28,0 4.259,-1.529 4.35,-4.439 0,-0.271 0.12,-0.33 0.33,-0.33 l 0.9,0 c 0.211,0 0.301,0.089 0.301,0.33 0,0.359 -0.18,1.679 -0.18,2.79 0,0.689 0.119,2.069 0.149,2.37 0.031,0.329 -0.18,0.599 -0.479,0.359 -0.362,-0.269 -0.691,-0.45 -0.931,-0.45 m 15.261,-17.58 0,0.69 c 0,0.21 -0.091,0.33 -0.33,0.33 -2.311,0.031 -2.821,0.42 -2.821,1.68 l 0,12.811 c 0,1.319 0.51,1.679 2.821,1.71 0.239,0 0.33,0.089 0.33,0.33 l 0,0.659 c 0,0.24 -0.121,0.301 -0.33,0.301 -1.951,0 -2.971,-0.181 -4.17,-0.181 -1.231,0 -2.341,0.181 -4.291,0.181 -0.209,0 -0.33,-0.061 -0.33,-0.301 l 0,-0.659 c 0,-0.241 0.06,-0.33 0.33,-0.33 2.31,-0.031 2.849,-0.451 2.849,-1.71 l 0,-12.811 c 0,-1.29 -0.539,-1.649 -2.849,-1.68 -0.27,0 -0.33,-0.12 -0.33,-0.33 l 0,-0.69 c 0,-0.21 0.121,-0.27 0.33,-0.27 1.95,0 3.06,0.18 4.291,0.18 1.199,0 2.219,-0.18 4.17,-0.18 0.209,0 0.33,0.06 0.33,0.27 m 22.976,17.761 c 0.09,0.269 -0.15,0.689 -0.66,0.689 l -17.67,0 c -0.509,0 -0.78,-0.42 -0.66,-0.689 l 1.05,-3.031 c 0.06,-0.21 0.181,-0.33 0.39,-0.33 l 0.961,0 c 0.299,0 0.269,0.18 0.269,0.3 0,1.29 0.54,2.04 2.49,2.04 l 2.94,0 0,-14.04 c 0,-1.29 -0.539,-1.649 -2.85,-1.68 -0.269,0 -0.33,-0.12 -0.33,-0.33 l 0,-0.69 c 0,-0.21 0.12,-0.27 0.33,-0.27 1.95,0 2.94,0.18 4.17,0.18 1.231,0 2.34,-0.18 4.29,-0.18 0.21,0 0.33,0.06 0.33,0.27 l 0,0.69 c 0,0.21 -0.09,0.33 -0.33,0.33 -2.309,0.031 -2.819,0.42 -2.819,1.68 l 0,14.04 2.939,0 c 1.949,0 2.491,-0.75 2.491,-2.04 0,-0.12 -0.031,-0.3 0.24,-0.3 l 0.989,0 c 0.21,0 0.3,0.12 0.39,0.33 l 1.05,3.031 z M 169.439,-12.6 c -2.308,0.031 -2.819,0.42 -2.819,1.68 l 0,5.731 4.74,7.439 c 0.63,0.96 0.9,1.32 3.06,1.351 0.269,0 0.33,0.089 0.33,0.33 l 0,0.659 c 0,0.24 -0.119,0.301 -0.33,0.301 -1.47,0 -2.609,-0.181 -3.57,-0.181 -0.9,0 -2.34,0.181 -3.81,0.181 -0.21,0 -0.33,-0.061 -0.33,-0.301 l 0,-0.659 c 0,-0.241 0.091,-0.33 0.33,-0.33 1.62,-0.031 2.58,-0.121 2.58,-0.691 0,-0.33 -0.27,-0.72 -0.479,-1.05 l -3.51,-5.49 -3.511,5.49 c -0.21,0.33 -0.479,0.72 -0.479,1.05 0,0.57 0.99,0.66 2.339,0.691 0.27,0 0.331,0.089 0.331,0.33 l 0,0.659 c 0,0.24 -0.122,0.301 -0.331,0.301 -1.95,0 -2.94,-0.181 -4.169,-0.181 -1.231,0 -2.221,0.181 -4.17,0.181 -0.211,0 -0.33,-0.061 -0.33,-0.301 l 0,-0.659 c 0,-0.241 0.059,-0.33 0.33,-0.33 2.16,-0.031 2.429,-0.391 3.059,-1.351 l 5.13,-8.04 0,-5.13 c 0,-1.29 -0.54,-1.649 -2.85,-1.68 -0.27,0 -0.33,-0.12 -0.33,-0.33 l 0,-0.69 c 0,-0.21 0.12,-0.27 0.33,-0.27 1.95,0 2.94,0.18 4.17,0.18 1.231,0 2.34,-0.18 4.289,-0.18 0.211,0 0.331,0.06 0.331,0.27 l 0,0.69 c 0,0.21 -0.09,0.33 -0.331,0.33"
             style="fill:#ffffff;fill-opacity:1;fill-rule:nonzero;stroke:none"
             id="path48"
             inkscape:connector-curvature="0" /></g><g
           id="g50"
           transform="translate(223.5898,385.4961)"><path
             d="m 0,0 c 0,-2.31 -1.77,-3.51 -4.5,-3.51 l -0.84,0 0,5.401 c 0,1.019 1.05,1.229 1.92,1.229 C -1.44,3.12 0,2.04 0,0 z m 1.68,-8.58 c 0,-2.489 -2.07,-3.569 -4.89,-3.569 -0.54,0 -2.13,0 -2.13,1.229 l 0,5.76 1.29,0 c 3.69,0 5.73,-1.11 5.73,-3.42 z m 1.26,8.641 c 0,2.429 -2.01,3.99 -4.11,4.5 C -1.83,4.74 -2.64,4.83 -3.9,4.83 l -7.08,0 c -0.18,0 -0.33,-0.09 -0.33,-0.3 l 0,-0.599 c 0,-0.241 0.06,-0.33 0.33,-0.33 2.31,-0.031 2.85,-0.451 2.85,-1.71 l 0,-12.811 c 0,-1.29 -0.54,-1.649 -2.85,-1.68 -0.27,0 -0.33,-0.12 -0.33,-0.33 l 0,-0.599 c 0,-0.241 0.15,-0.301 0.33,-0.301 l 7.53,0 c 4.02,0 8.13,1.11 8.13,5.25 0,2.641 -2.01,4.23 -4.65,4.77 1.62,0.75 2.91,2.04 2.91,3.871 z m 5.733,-13.891 15.18,0 c 0.6,1.98 1.62,3.78 2.34,5.101 0.12,0.24 -0.03,0.45 -0.24,0.45 l -0.24,0 c -0.24,0 -0.36,-0.181 -0.48,-0.391 -1.35,-2.25 -4.62,-3.479 -7.68,-3.479 l -0.42,0 c -2.31,0.059 -2.82,0.42 -2.82,1.71 l 0,5.279 4.71,0 c 1.26,0 1.65,-1.079 1.71,-2.13 0,-0.239 0.09,-0.3 0.3,-0.3 l 0.69,0 c 0.21,0 0.3,0.09 0.3,0.3 0,0.36 -0.18,1.86 -0.18,2.971 0,1.109 0.18,2.609 0.18,2.969 0,0.241 -0.09,0.33 -0.3,0.33 l -0.69,0 c -0.21,0 -0.3,-0.06 -0.3,-0.33 -0.06,-1.02 -0.45,-2.099 -1.71,-2.099 l -4.71,0 0,4.889 c 0,1.29 0.51,1.65 2.82,1.68 l 2.22,0 c 1.95,0 2.49,-0.75 2.49,-2.04 0,-0.12 -0.03,-0.3 0.24,-0.3 l 0.99,0 c 0.21,0 0.3,0.12 0.39,0.33 l 1.05,3.031 c 0.09,0.269 -0.15,0.689 -0.66,0.689 l -15.18,0 c -0.21,0 -0.33,-0.059 -0.33,-0.3 l 0,-0.599 c 0,-0.241 0.06,-0.33 0.33,-0.33 2.31,-0.031 2.85,-0.451 2.85,-1.71 l 0,-12.811 c 0,-1.29 -0.54,-1.649 -2.85,-1.68 -0.27,0 -0.33,-0.12 -0.33,-0.33 l 0,-0.63 c 0,-0.21 0.12,-0.27 0.33,-0.27 z m 21.131,0 15.18,0 c 0.6,1.98 1.62,3.78 2.34,5.101 0.12,0.24 -0.03,0.45 -0.24,0.45 l -0.24,0 c -0.24,0 -0.36,-0.181 -0.48,-0.391 -1.35,-2.25 -4.62,-3.479 -7.68,-3.479 l -0.42,0 c -2.31,0.059 -2.82,0.42 -2.82,1.71 l 0,5.279 4.71,0 c 1.26,0 1.65,-1.079 1.71,-2.13 0,-0.239 0.09,-0.3 0.3,-0.3 l 0.69,0 c 0.21,0 0.3,0.09 0.3,0.3 0,0.36 -0.18,1.86 -0.18,2.971 0,1.109 0.18,2.609 0.18,2.969 0,0.241 -0.09,0.33 -0.3,0.33 l -0.69,0 c -0.21,0 -0.3,-0.06 -0.3,-0.33 -0.06,-1.02 -0.45,-2.099 -1.71,-2.099 l -4.71,0 0,4.889 c 0,1.29 0.51,1.65 2.82,1.68 l 2.22,0 c 1.95,0 2.49,-0.75 2.49,-2.04 0,-0.12 -0.03,-0.3 0.24,-0.3 l 0.99,0 c 0.21,0 0.3,0.12 0.39,0.33 l 1.05,3.031 c 0.09,0.269 -0.15,0.689 -0.66,0.689 l -15.18,0 c -0.21,0 -0.33,-0.059 -0.33,-0.3 l 0,-0.599 c 0,-0.241 0.06,-0.33 0.33,-0.33 2.31,-0.031 2.85,-0.451 2.85,-1.71 l 0,-12.811 c 0,-1.29 -0.54,-1.649 -2.85,-1.68 -0.27,0 -0.33,-0.12 -0.33,-0.33 l 0,-0.63 c 0,-0.21 0.12,-0.27 0.33,-0.27 z M 58.586,3.12 c 1.74,0 3.42,-1.05 3.42,-3.479 0,-2.611 -1.86,-3.87 -4.59,-3.87 l -0.84,0 0,6.12 c 0,1.019 1.05,1.229 2.01,1.229 z m -0.57,1.71 -7.08,0 c -0.18,0 -0.33,-0.09 -0.33,-0.3 l 0,-0.599 c 0,-0.241 0.06,-0.33 0.33,-0.33 2.31,-0.031 2.85,-0.451 2.85,-1.71 l 0,-12.811 c 0,-1.29 -0.54,-1.649 -2.85,-1.68 -0.27,0 -0.33,-0.12 -0.33,-0.33 l 0,-0.69 c 0,-0.21 0.12,-0.27 0.33,-0.27 1.95,0 2.94,0.18 4.17,0.18 1.23,0 2.34,-0.18 4.29,-0.18 0.21,0 0.33,0.06 0.33,0.27 l 0,0.69 c 0,0.21 -0.09,0.33 -0.33,0.33 -2.31,0.031 -2.82,0.42 -2.82,1.68 l 0,5.731 2.16,0 c 1.05,-2.13 2.82,-5.34 3.96,-6.96 1.53,-2.101 3.45,-2.011 5.43,-2.011 0.24,0 0.33,0.091 0.42,0.301 l 0.18,0.689 c 0.06,0.271 -0.15,0.3 -0.24,0.3 -0.63,0 -1.92,0.24 -2.7,1.32 -1.32,1.92 -2.91,4.321 -4.14,6.901 1.8,0.689 3.3,2.04 3.3,4.29 0,2.309 -1.68,3.929 -3.48,4.679 -0.81,0.33 -1.71,0.51 -3.45,0.51 z m 55.229,-0.87 c -0.931,0 -1.83,1.17 -4.62,1.17 -5.07,0 -9.39,-4.35 -9.39,-9.659 0,-5.341 4.32,-9.66 9.66,-9.66 1.919,0 3.84,0.359 5.43,1.229 0.15,0.721 0.57,2.07 1.23,3.3 0.121,0.211 0,0.45 -0.209,0.45 l -0.271,0 c -0.24,0 -0.36,-0.18 -0.511,-0.42 -0.808,-1.349 -3.089,-2.189 -5.339,-2.189 -4.049,0 -6.93,3.09 -6.93,7.71 0,4.139 2.519,7.439 6.51,7.439 2.28,0 4.259,-1.529 4.35,-4.439 0,-0.271 0.12,-0.33 0.33,-0.33 l 0.9,0 c 0.211,0 0.301,0.089 0.301,0.33 0,0.359 -0.18,1.679 -0.18,2.79 0,0.689 0.119,2.069 0.149,2.37 0.031,0.329 -0.18,0.599 -0.479,0.359 -0.362,-0.269 -0.691,-0.45 -0.931,-0.45 z m 15.261,-17.58 0,0.69 c 0,0.21 -0.091,0.33 -0.33,0.33 -2.311,0.031 -2.821,0.42 -2.821,1.68 l 0,12.811 c 0,1.319 0.51,1.679 2.821,1.71 0.239,0 0.33,0.089 0.33,0.33 l 0,0.659 c 0,0.24 -0.121,0.301 -0.33,0.301 -1.951,0 -2.971,-0.181 -4.17,-0.181 -1.231,0 -2.341,0.181 -4.291,0.181 -0.209,0 -0.33,-0.061 -0.33,-0.301 l 0,-0.659 c 0,-0.241 0.06,-0.33 0.33,-0.33 2.31,-0.031 2.849,-0.451 2.849,-1.71 l 0,-12.811 c 0,-1.29 -0.539,-1.649 -2.849,-1.68 -0.27,0 -0.33,-0.12 -0.33,-0.33 l 0,-0.69 c 0,-0.21 0.121,-0.27 0.33,-0.27 1.95,0 3.06,0.18 4.291,0.18 1.199,0 2.219,-0.18 4.17,-0.18 0.209,0 0.33,0.06 0.33,0.27 z m 22.976,17.761 c 0.09,0.269 -0.15,0.689 -0.66,0.689 l -17.67,0 c -0.509,0 -0.78,-0.42 -0.66,-0.689 l 1.05,-3.031 c 0.06,-0.21 0.181,-0.33 0.39,-0.33 l 0.961,0 c 0.299,0 0.269,0.18 0.269,0.3 0,1.29 0.54,2.04 2.49,2.04 l 2.94,0 0,-14.04 c 0,-1.29 -0.539,-1.649 -2.85,-1.68 -0.269,0 -0.33,-0.12 -0.33,-0.33 l 0,-0.69 c 0,-0.21 0.12,-0.27 0.33,-0.27 1.95,0 2.94,0.18 4.17,0.18 1.231,0 2.34,-0.18 4.29,-0.18 0.21,0 0.33,0.06 0.33,0.27 l 0,0.69 c 0,0.21 -0.09,0.33 -0.33,0.33 -2.309,0.031 -2.819,0.42 -2.819,1.68 l 0,14.04 2.939,0 c 1.949,0 2.491,-0.75 2.491,-2.04 0,-0.12 -0.031,-0.3 0.24,-0.3 l 0.989,0 c 0.21,0 0.3,0.12 0.39,0.33 l 1.05,3.031 z M 169.439,-12.6 c -2.308,0.031 -2.819,0.42 -2.819,1.68 l 0,5.731 4.74,7.439 c 0.63,0.96 0.9,1.32 3.06,1.351 0.269,0 0.33,0.089 0.33,0.33 l 0,0.659 c 0,0.24 -0.119,0.301 -0.33,0.301 -1.47,0 -2.609,-0.181 -3.57,-0.181 -0.9,0 -2.34,0.181 -3.81,0.181 -0.21,0 -0.33,-0.061 -0.33,-0.301 l 0,-0.659 c 0,-0.241 0.091,-0.33 0.33,-0.33 1.62,-0.031 2.58,-0.121 2.58,-0.691 0,-0.33 -0.27,-0.72 -0.479,-1.05 l -3.51,-5.49 -3.511,5.49 c -0.21,0.33 -0.479,0.72 -0.479,1.05 0,0.57 0.99,0.66 2.339,0.691 0.27,0 0.331,0.089 0.331,0.33 l 0,0.659 c 0,0.24 -0.122,0.301 -0.331,0.301 -1.95,0 -2.94,-0.181 -4.169,-0.181 -1.231,0 -2.221,0.181 -4.17,0.181 -0.211,0 -0.33,-0.061 -0.33,-0.301 l 0,-0.659 c 0,-0.241 0.059,-0.33 0.33,-0.33 2.16,-0.031 2.429,-0.391 3.059,-1.351 l 5.13,-8.04 0,-5.13 c 0,-1.29 -0.54,-1.649 -2.85,-1.68 -0.27,0 -0.33,-0.12 -0.33,-0.33 l 0,-0.69 c 0,-0.21 0.12,-0.27 0.33,-0.27 1.95,0 2.94,0.18 4.17,0.18 1.231,0 2.34,-0.18 4.289,-0.18 0.211,0 0.331,0.06 0.331,0.27 l 0,0.69 c 0,0.21 -0.09,0.33 -0.331,0.33 z"
             style="fill:none;stroke:#ffffff;stroke-width:0.30000001;stroke-linecap:butt;stroke-linejoin:miter;stroke-miterlimit:4;stroke-opacity:1;stroke-dasharray:none"
             id="path52"
             inkscape:connector-curvature="0" /></g><g
           id="g54"
           transform="translate(350.1855,411.6553)"><path
             d="m 0,0 c -0.121,0.855 -1.083,0.855 -1.444,1.71 -0.361,0.855 -1.322,0.978 -2.164,1.1 -0.842,0.123 0,0.734 -0.121,1.956 -0.121,1.221 -0.962,0.121 -2.044,0.488 -1.083,0.367 -1.444,0.733 -1.444,1.71 0,0.978 -1.684,1.344 -3.248,1.589 -1.563,0.244 -1.803,0.733 -2.765,1.711 -0.963,0.977 1.443,0.611 2.526,1.344 1.082,0.733 1.683,0.854 2.645,1.221 0.961,0.367 0.602,1.1 0.361,2.443 -0.241,1.345 0.721,3.543 1.442,4.399 0.723,0.856 0.361,1.833 -0.119,2.443 -0.481,0.612 -1.443,2.444 -4.09,3.177 -2.645,0.734 0.843,0.734 1.203,1.955 0.361,1.222 -0.961,0.856 -2.525,1.466 -1.565,0.611 -2.286,0 -3.488,-0.366 -1.204,-0.367 -1.444,-0.856 -2.405,-0.856 -0.963,0 -0.242,0.978 -1.564,1.1 -1.323,0.122 -2.165,-0.122 -3.248,0.245 -1.082,0.366 0,2.199 0,3.543 0,1.344 -0.481,1.1 -1.924,1.222 -1.443,0.122 -2.647,-0.856 -3.368,-0.856 -0.722,0 -0.361,0.856 -1.082,1.589 -0.722,0.731 -1.443,-0.123 -1.804,0.61 -0.361,0.734 -0.723,1.222 -1.323,2.078 -0.601,0.855 -1.203,-0.124 -2.045,0 -0.843,0.122 -0.601,0.61 -1.685,1.343 -1.082,0.734 -1.442,0.123 -2.524,0 -1.083,-0.122 -1.564,-0.855 -2.286,-1.343 -0.721,-0.489 -0.481,0.366 -0.842,1.343 -0.36,0.978 -1.082,0.366 -2.165,-0.122 -1.082,-0.488 -0.721,-1.221 -1.803,-1.71 -1.083,-0.489 -1.684,0 -3.609,-0.245 -1.924,-0.244 -1.804,-0.244 -2.285,-0.977 -0.481,-0.733 -0.842,-1.222 -1.443,-1.588 -0.601,-0.368 -1.323,0.488 -2.285,0.977 -0.963,0.489 -1.203,0.122 -1.685,-0.366 -0.481,-0.489 -0.721,-0.367 -1.804,0.366 -1.082,0.733 -1.082,0.856 -2.284,1.588 -1.203,0.734 -1.203,-0.122 -2.286,-0.366 -1.083,-0.244 -0.842,-1.222 -0.962,-2.077 -0.121,-0.856 -1.083,-1.222 -1.443,-1.466 -0.361,-0.245 -1.804,-0.489 -1.804,-1.833 0,-1.344 -0.842,-1.588 -1.444,-2.932 -0.601,-1.344 -0.601,-1.344 -1.684,-2.2 -1.082,-0.855 -0.601,-1.223 -0.481,-2.565 0.12,-1.344 -0.962,-1.344 -1.924,-0.856 -0.962,0.488 0,1.467 -0.241,2.198 -0.24,0.735 -0.601,0.246 -1.202,1.101 -0.602,0.855 -1.684,0.489 -1.684,0.489 0,0 -4.21,-3.666 -4.57,-4.276 -0.361,-0.611 -0.241,-1.221 0.48,-2.444 0.722,-1.221 -1.202,-1.833 -1.563,-2.321 -0.361,-0.489 -1.684,-1.467 -2.406,-1.589 -0.721,-0.121 -1.684,-4.154 -1.563,-5.986 0.12,-1.833 0.601,-2.566 0.842,-3.421 0.24,-0.856 0.842,-0.856 1.804,-0.856 0.962,0 0.722,0.856 1.203,0.245 0.481,-0.611 -0.481,-2.077 0.361,-3.299 0.842,-1.221 0.842,-0.978 1.924,-1.221 1.082,-0.245 1.563,0.854 2.525,0.854 0.963,0 1.324,-0.854 1.925,-0.733 0.602,0.122 1.684,0.367 3.127,0 1.443,-0.366 1.323,-0.977 2.165,-1.588 0.842,-0.61 3.127,-0.489 3.608,-0.61 0.481,-0.123 -1.323,-0.856 -1.924,-1.1 -0.601,-0.245 -1.684,0.244 -2.767,0.611 -1.082,0.366 -1.323,0.976 -2.044,1.954 -0.722,0.978 -1.804,0.123 -2.526,-0.367 -0.721,-0.488 -1.684,-0.365 -2.165,-0.365 -0.481,0 -3.127,-0.978 -3.969,-1.589 -0.842,-0.611 -2.165,-1.588 -2.285,-2.565 -0.12,-0.979 0.361,-1.223 1.443,-1.345 1.083,-0.123 0.121,-0.732 1.083,-0.977 0.962,-0.244 2.044,-0.244 2.044,-0.244 0,0 -3.006,-1.467 -3.487,-2.077 -0.482,-0.611 -0.241,-1.222 -0.121,-2.323 0.121,-1.098 0.722,-0.854 2.406,-1.342 1.683,-0.491 1.443,0.121 2.766,-0.123 1.323,-0.245 3.729,-0.733 4.21,-1.344 0.481,-0.61 0.841,-0.122 1.804,-0.122 0.962,0 0,0.977 0.841,1.589 0.842,0.61 0.842,0.977 1.805,1.342 0.962,0.368 2.285,0.123 2.886,0.735 0.602,0.61 1.323,-0.49 2.285,-0.612 0.963,-0.123 1.444,0.612 2.165,0.978 0.722,0.367 0.361,-0.733 0.241,-1.71 -0.12,-0.979 0.722,-0.489 1.804,-0.489 1.082,0 1.323,0 1.564,-0.367 0.24,-0.368 -0.241,-1.466 0.24,-2.444 0.481,-0.977 1.564,-0.977 2.646,-1.344 1.083,-0.366 2.646,0 3.368,0 0.721,0 3.367,0.856 3.367,0.856 0,0 -0.721,0.854 -1.443,1.222 -0.722,0.366 -0.962,0.733 -0.361,0.977 0.602,0.244 0.722,-0.244 1.444,-0.611 0.721,-0.366 2.405,-0.856 3.368,-1.344 0.962,-0.489 1.406,-0.903 1.406,-0.903 l 0.199,-2.182 c 0,-1.87 0.198,-11.223 0.198,-11.223 0,0 -0.397,-13.607 -0.397,-14.34 0,-0.734 -0.597,-3.742 -0.597,-3.742 l -1.591,-2.286 -1.193,-1.039 12.429,0 -3.314,3.949 -0.565,23.278 c 0,0 0.401,0.913 0.881,1.768 0.482,0.856 0.722,2.2 1.203,4.277 0.481,2.077 1.082,2.077 2.887,4.642 1.804,2.566 3.007,2.199 4.33,3.299 1.322,1.1 2.043,0.855 3.728,0.733 1.684,-0.122 1.083,-0.122 1.563,0.122 0.482,0.245 3.248,2.077 3.127,2.81 -0.121,0.733 0.361,1.1 1.324,1.711 0.961,0.61 1.564,-0.122 2.646,-0.488 1.082,-0.367 1.202,0.244 0.842,1.343 -0.361,1.1 0.842,0.489 1.682,0 0.842,-0.489 1.445,-0.61 2.045,0.244 0.603,0.856 1.084,0.49 1.445,-0.244 0.361,-0.733 0.12,-1.466 0.721,-1.589 0.602,-0.121 1.203,0.367 2.766,1.344 1.564,0.979 1.564,0.367 2.525,1.1 0.963,0.733 1.324,-0.244 2.768,-0.733 1.443,-0.488 0.841,1.222 1.924,1.956 C 0.721,-1.465 0.119,-0.855 0,0 m -70.12,7.454 c -0.602,-0.244 -1.684,0.366 -2.045,0.977 -0.361,0.61 -0.481,1.71 -1.323,2.077 -0.841,0.367 -1.563,0.61 -1.563,0.61 0,0 0.601,0.245 1.443,0.245 0.842,0 1.684,-0.855 2.045,-2.199 0.36,-1.344 1.202,-0.733 2.405,-0.367 1.203,0.367 1.804,-1.466 2.646,-2.199 0,0 -3.007,1.1 -3.608,0.856 m 10.464,-0.49 c 0,0 -0.842,0.856 -1.684,1.467 -0.842,0.61 -1.925,1.465 -2.767,1.954 -0.841,0.49 0,0.733 1.925,0.245 1.925,-0.489 0.842,-1.466 1.804,-1.466 0.962,0 0.722,-1.344 0.722,-2.2 m 4.33,-6.597 c -0.482,0.488 -1.203,-0.488 -1.324,-0.855 -0.12,-0.367 -0.481,-1.222 -0.601,-0.49 -0.12,0.734 -0.12,1.101 0.12,1.833 0.241,0.734 1.083,0.245 2.166,0.367 1.082,0.122 0.721,-0.977 0.842,-1.466 0,0 -0.722,0.123 -1.203,0.611 m 7.938,9.408 c 0.842,-0.123 0.962,-0.734 1.804,-1.833 0.842,-1.099 0.962,-1.588 1.323,-2.688 0,0 -1.323,0.489 -2.045,1.589 -0.721,1.099 -0.442,1.22 -1.546,2.077 -1.104,0.855 -0.378,0.976 0.464,0.855 m -4.691,-8.186 c 0.361,0.121 2.526,0.244 3.127,0.488 0.601,0.245 0.842,-1.222 2.045,-1.954 1.203,-0.734 0.842,-1.222 1.804,-1.467 0.962,-0.244 0.722,-2.077 0.722,-2.077 0,0 -0.842,0.245 -0.842,0.733 0,0.49 -0.842,0.856 -1.684,1.589 -0.842,0.732 -0.962,0 -1.564,0.732 -0.601,0.734 -0.842,0.246 -1.563,0.246 -0.722,0 -2.406,1.587 -2.045,1.71 m 8.341,-15.068 c 0,0 -0.283,-0.938 -1.004,-0.693 -0.722,0.244 -0.601,0.487 -1.804,1.466 -1.203,0.977 -0.962,0.61 -1.684,2.077 -0.722,1.466 -0.962,0.489 -2.406,0.366 -1.443,-0.121 -0.361,0.734 0,1.833 0.361,1.1 0.722,0 1.323,1.222 0.602,1.222 0.602,0.489 1.444,0.366 0.842,-0.121 0.721,-0.977 1.684,-1.345 0.962,-0.365 2.181,-0.719 2.181,-0.719 l 0.266,-4.573 z m -1.605,33.883 c -0.482,0.489 -1.684,0.856 -2.406,1.466 -0.722,0.61 0.12,0.856 1.564,0.978 1.443,0.122 0.601,-1.1 1.202,-1.955 0.602,-0.856 1.684,-0.61 2.526,-0.856 0,0 -2.405,-0.121 -2.886,0.367 m 3.126,-19.06 c -0.24,0.978 -0.361,1.344 0.24,0.856 0.602,-0.49 0.723,-1.588 0.723,-2.688 0,0 -0.723,0.855 -0.963,1.832 m 4.812,22.969 c 0.6,0.123 1.082,0.368 1.322,0.978 0.241,0.611 0.842,1.833 1.323,2.077 0.482,0.245 1.203,0.856 1.203,0.856 0,0 -0.24,-1.344 -0.842,-1.833 -0.601,-0.489 -0.962,-1.344 -1.324,-1.588 -0.36,-0.245 -1.322,-0.733 -1.803,-1.222 -0.482,-0.489 -0.841,-2.077 -0.841,-2.077 -0.241,0.733 0.359,2.686 0.962,2.809 m 2.885,-10.751 c -0.48,-0.61 -1.443,-1.833 -1.443,-1.833 l 0.361,0.856 c 0.241,0.733 0,1.954 0.602,1.954 0.601,0 0.722,0.49 0.962,0.49 0.241,0 0,-0.856 -0.482,-1.467 M -38.848,1.71 c 1.563,0.49 2.405,0.612 3.125,1.345 0.723,0.733 -0.36,-0.855 -1.203,-1.466 -0.84,-0.611 -2.764,-2.077 -2.764,-2.077 0.36,1.343 -0.722,1.71 0.842,2.198 m -0.119,-21.423 -0.065,6.858 c 0,0 0.665,-1.195 1.386,-1.806 0.72,-0.61 -1.321,-5.052 -1.321,-5.052 m 8.416,10.917 c -0.961,-0.978 -0.72,-0.367 -1.924,-1.833 -1.203,-1.467 -3.848,-3.177 -3.848,-3.177 -0.241,0.366 -0.603,0.733 -1.323,1.222 -0.721,0.488 -1.44,0.866 -1.321,1.6 0.121,0.733 -0.203,0.808 0.399,1.662 0.601,0.856 0.441,0.282 1.403,0.648 0.962,0.366 1.202,0.855 2.284,1.222 1.084,0.366 1.324,0.855 2.166,0.855 0.842,0 0.963,0.122 1.684,-0.366 0.722,-0.489 1.203,-0.489 1.203,-0.489 0,0 0.24,-0.367 -0.723,-1.344 m -0.72,19.548 c -0.602,-1.466 0.24,-1.221 -0.602,-1.466 -0.842,-0.245 -1.563,1.344 -1.563,1.344 0.36,0.855 1.082,0.855 2.165,1.222 1.082,0.366 2.164,0.733 3.005,0.856 0.842,0.121 1.084,-0.734 -0.24,-0.856 -1.322,-0.123 -2.164,0.366 -2.765,-1.1 m 3.728,-4.642 c -0.361,-0.245 0.119,1.1 0.119,1.1 0.603,0.488 1.806,0.977 2.287,0.977 0.481,0 1.323,0.121 1.323,0.121 0,0 -0.122,-0.854 -0.962,-0.977 -0.842,-0.121 -2.406,-0.977 -2.767,-1.221 m 4.089,-11.852 c -0.482,-0.244 -0.841,-1.1 -1.443,-1.344 l -1.443,1.588 c 0,0 0.842,0.367 1.564,0.612 0.721,0.244 0.721,0.244 1.322,0.854 0.602,0.611 1.563,-1.099 1.563,-1.099 0,0 -1.082,-0.367 -1.563,-0.611 m 5.774,4.398 c -0.722,-0.121 -2.887,-1.466 -2.887,-1.466 -0.482,0.489 -1.925,2.199 -0.963,1.955 0.963,-0.244 1.925,-0.61 2.286,-0.489 0.361,0.123 1.443,0.977 1.925,0.977 0.479,0 0.36,-0.854 -0.361,-0.977"
             style="fill:#858f51;fill-opacity:1;fill-rule:nonzero;stroke:none"
             id="path56"
             inkscape:connector-curvature="0" /></g><g
           id="g58"
           transform="translate(353.4131,398.8477)"><path
             d="m 0,0 c 0.739,3.346 1.13,6.824 1.13,10.393 0,26.499 -21.484,47.982 -47.983,47.982 -26.5,0 -47.982,-21.483 -47.982,-47.982 0,-3.577 0.391,-7.061 1.133,-10.414"
             style="fill:none;stroke:#efb24c;stroke-width:1.29999995;stroke-linecap:butt;stroke-linejoin:miter;stroke-miterlimit:4;stroke-opacity:1;stroke-dasharray:none"
             id="path60"
             inkscape:connector-curvature="0" /></g></g></g></g></svg>