<?xml version="1.0" standalone="no"?>
<!DOCTYPE svg PUBLIC "-//W3C//DTD SVG 1.0//EN" "http://www.w3.org/TR/2001/REC-SVG-20010904/DTD/svg10.dtd">
<svg width="100%" height="100%" viewBox="0 0 656 600" xmlns="http://www.w3.org/2000/svg" xmlns:svg="http://www.w3.org/2000/svg">
<title>Three interlaced crescents pattern (Diane de Poitiers)</title>
<g transform="translate(328,313) scale(0.26,-0.26)">
<path fill="#ffffff" d="M-471.026,-215.625
C-471.026,-363.865,-432.005,-509.495,-357.885,-637.875
C-300.514,-737.244,-223.679,-823.57,-132.35,-891.883
C-88.3858,-861.664,-48.0625,-826.634,-12.0995,-787.513
C-43.5154,-751.753,-71.4651,-712.849,-95.4574,-671.293
C-159.212,-560.866,-192.777,-435.602,-192.777,-308.091
C-192.777,-180.58,-159.212,-55.3151,-95.4574,55.1123
C-71.4653,96.6679,-43.5156,135.571,-12.0996,171.332
C-60.548,224.035,-116.91,269.312,-179.426,305.406
C-204.989,320.165,-231.367,333.265,-258.396,344.661
C-295.97,302.287,-329.337,256.071,-357.885,206.625
C-432.005,78.2448,-471.026,-67.3844,-471.026,-215.625Z
M20.5678,-982.852
C130.972,-1033.64,251.336,-1060.13,373.473,-1060.13
C446.117,-1060.13,518.134,-1050.76,587.802,-1032.48
C569.802,-1033.83,551.732,-1034.5,533.628,-1034.5
C406.117,-1034.5,280.853,-1000.93,170.426,-937.175
C157.63,-929.787,145.085,-922.024,132.806,-913.9
C108.721,-931.363,83.6826,-947.615,57.7766,-962.572
C45.5234,-969.646,33.1164,-976.407,20.5678,-982.852Z
M20.5672,551.603
C33.116,545.158,45.5232,538.396,57.7766,531.322
C134.661,486.933,203.899,431.135,263.286,366.134
C348.957,400.486,440.695,418.315,533.628,418.315
C661.139,418.315,786.404,384.751,896.831,320.994
C1007.26,257.238,1098.96,165.539,1162.72,55.1123
C1171.77,39.4366,1180.22,23.4499,1188.05,7.19081
C1169.05,76.6626,1141.15,143.715,1104.83,206.625
C1030.71,335.005,924.104,441.613,795.723,515.734
C667.343,589.854,521.714,628.875,373.473,628.875
C251.337,628.875,130.972,602.386,20.5672,551.603Z
M-706.219,560.559
C-702.031,507.375,-691.855,454.94,-675.957,404.235
C-629.279,413.562,-581.613,418.315,-533.628,418.315
C-406.117,418.315,-280.854,384.75,-170.426,320.994
C-59.9984,257.239,31.7025,165.539,95.4572,55.1123
C119.449,13.5565,139.166,-30.1005,154.427,-75.1876
C224.294,-59.5817,291.686,-33.41,354.203,2.68384
C379.766,17.4426,404.3,33.7368,427.684,51.4464
C409.774,105.174,386.433,157.179,357.885,206.625
C283.764,335.005,177.157,441.613,48.7769,515.734
C-79.6035,589.854,-225.233,628.875,-373.473,628.875
C-488.216,628.875,-601.394,605.497,-706.219,560.559Z
M-1188.04,7.19081
C-1180.21,23.4435,-1171.77,39.4422,-1162.72,55.1123
C-1098.95,165.535,-1007.26,257.238,-896.831,320.994
C-884.035,328.382,-871.039,335.365,-857.864,341.937
C-860.944,371.527,-862.5,401.336,-862.5,431.25
C-862.5,445.399,-862.152,459.524,-861.459,473.614
C-960.64,403.392,-1043.76,312.397,-1104.83,206.625
C-1141.15,143.72,-1169.04,76.6559,-1188.04,7.19081Z
M-844.5,431.25
C-844.5,283.01,-805.479,137.381,-731.359,8.99998
C-670.291,-96.7738,-587.168,-187.769,-487.985,-257.99
C-488.678,-243.9,-489.026,-229.774,-489.026,-215.625
C-489.026,-126.847,-475.323,-38.9859,-448.724,44.944
C-521.309,101.962,-582.619,172.497,-629.085,252.978
C-692.841,363.405,-726.406,488.67,-726.406,616.181
C-726.406,743.692,-692.84,868.955,-629.085,979.384
C-620.032,995.065,-610.409,1010.37,-600.241,1025.29
C-650.908,974.091,-695.035,916.415,-731.359,853.5
C-805.479,725.119,-844.5,579.49,-844.5,431.25Z
M-174.777,-308.091
C-174.777,-337.608,-172.933,-367.002,-169.288,-396.108
C-113.804,-407.461,-57.0954,-413.25,0,-413.25
C148.24,-413.25,293.869,-374.229,422.25,-300.109
C550.63,-225.989,657.239,-119.38,731.359,8.99998
C788.73,108.37,825.072,218.074,838.567,331.323
C790.415,354.287,739.917,371.693,688.056,383.278
C672.794,338.191,653.077,294.534,629.085,252.978
C565.33,142.551,473.63,50.8505,363.203,-12.9046
C252.775,-76.6601,127.511,-110.225,0,-110.225
C-47.9846,-110.225,-95.6509,-105.472,-142.328,-96.145
C-163.746,-164.454,-174.777,-235.904,-174.777,-308.091Z
M600.25,1025.29
C610.414,1010.37,620.034,995.061,629.085,979.384
C692.841,868.956,726.406,743.692,726.406,616.181
C726.406,601.405,725.955,586.659,725.059,571.963
C752.225,559.836,778.818,546.279,804.723,531.322
C816.976,524.248,829.036,516.883,840.892,509.238
C829.669,630.243,792.427,747.726,731.359,853.5
C695.037,916.411,650.914,974.092,600.25,1025.29Z
M-587.797,-1032.48
C-518.131,-1050.76,-446.116,-1060.13,-373.473,-1060.13
C-225.233,-1060.13,-79.6038,-1021.1,48.7767,-946.984
C177.157,-872.864,283.764,-766.255,357.885,-637.875
C418.953,-532.101,456.196,-414.618,467.418,-293.613
C455.562,-301.258,443.503,-308.622,431.25,-315.697
C354.366,-360.086,271.424,-392.149,185.439,-411.079
C172.353,-502.449,141.923,-590.812,95.4572,-671.293
C31.7016,-781.721,-59.9986,-873.42,-170.426,-937.175
C-280.853,-1000.93,-406.117,-1034.5,-533.628,-1034.5
C-551.73,-1034.5,-569.799,-1033.82,-587.797,-1032.48Z"/>
<path d="M-1235.97,-215.625
C-1235.97,-64.2249,-1196.12,84.5085,-1120.42,215.625
C-1055.64,327.833,-966.552,423.757,-860.026,496.536
C-850.261,625.179,-811.731,750.291,-746.947,862.5
C-671.247,993.616,-562.366,1102.5,-431.25,1178.2
C-505.055,1121.56,-566.983,1050.95,-613.497,970.384
C-675.673,862.692,-708.406,740.532,-708.406,616.181
C-708.406,603.957,-708.09,591.755,-707.46,579.585
C-602.046,623.859,-488.53,646.875,-373.473,646.875
C-243.905,646.875,-116.291,617.687,0,561.822
C116.291,617.687,243.905,646.875,373.473,646.875
C488.53,646.875,602.046,623.859,707.46,579.585
C708.09,591.755,708.406,603.957,708.406,616.181
C708.406,740.532,675.673,862.692,613.497,970.384
C566.983,1050.95,505.055,1121.56,431.25,1178.2
C562.366,1102.5,671.247,993.616,746.947,862.5
C811.731,750.291,850.261,625.179,860.026,496.536
C966.552,423.757,1055.64,327.833,1120.42,215.625
C1196.12,84.5085,1235.97,-64.2249,1235.97,-215.625
C1223.83,-123.392,1193.64,-34.4531,1147.13,46.1123
C1084.95,153.803,995.522,243.23,887.831,305.406
C877.245,311.518,866.519,317.345,855.666,322.885
C841.3,209.457,804.475,99.6416,746.947,0
C682.163,-112.208,593.078,-208.132,486.553,-280.911
C476.787,-409.554,438.257,-534.666,373.473,-646.875
C315.945,-746.516,239.255,-833.316,148.207,-902.471
C158.431,-909.1,168.84,-915.475,179.426,-921.587
C287.117,-983.763,409.277,-1016.5,533.628,-1016.5
C626.657,-1016.5,718.775,-998.172,804.723,-962.572
C673.606,-1038.27,524.874,-1078.13,373.473,-1078.13
C243.905,-1078.13,116.291,-1048.94,0,-993.072
C-116.291,-1048.94,-243.905,-1078.13,-373.473,-1078.13
C-524.874,-1078.13,-673.607,-1038.27,-804.723,-962.572
C-718.776,-998.172,-626.657,-1016.5,-533.628,-1016.5
C-409.277,-1016.5,-287.117,-983.763,-179.426,-921.587
C-168.84,-915.475,-158.431,-909.1,-148.207,-902.471
C-239.255,-833.316,-315.945,-746.516,-373.473,-646.875
C-438.257,-534.667,-476.787,-409.555,-486.552,-280.912
C-593.078,-208.133,-682.163,-112.209,-746.947,0
C-804.475,99.6416,-841.3,209.457,-855.666,322.885
C-866.519,317.345,-877.245,311.518,-887.831,305.406
C-995.522,243.23,-1084.95,153.803,-1147.13,46.1123
C-1193.64,-34.4531,-1223.83,-123.392,-1235.97,-215.625Z
M-471.026,-215.625
C-471.026,-363.865,-432.005,-509.495,-357.885,-637.875
C-300.514,-737.244,-223.679,-823.57,-132.35,-891.883
C-88.3858,-861.664,-48.0625,-826.634,-12.0995,-787.513
C-43.5154,-751.753,-71.4651,-712.849,-95.4574,-671.293
C-159.212,-560.866,-192.777,-435.602,-192.777,-308.091
C-192.777,-180.58,-159.212,-55.3151,-95.4574,55.1123
C-71.4653,96.6679,-43.5156,135.571,-12.0996,171.332
C-60.548,224.035,-116.91,269.312,-179.426,305.406
C-204.989,320.165,-231.367,333.265,-258.396,344.661
C-295.97,302.287,-329.337,256.071,-357.885,206.625
C-432.005,78.2448,-471.026,-67.3844,-471.026,-215.625Z
M20.5678,-982.852
C130.972,-1033.64,251.336,-1060.13,373.473,-1060.13
C446.117,-1060.13,518.134,-1050.76,587.802,-1032.48
C569.802,-1033.83,551.732,-1034.5,533.628,-1034.5
C406.117,-1034.5,280.853,-1000.93,170.426,-937.175
C157.63,-929.787,145.085,-922.024,132.806,-913.9
C108.721,-931.363,83.6826,-947.615,57.7766,-962.572
C45.5234,-969.646,33.1164,-976.407,20.5678,-982.852Z
M20.5672,551.603
C33.116,545.158,45.5232,538.396,57.7766,531.322
C134.661,486.933,203.899,431.135,263.286,366.134
C348.957,400.486,440.695,418.315,533.628,418.315
C661.139,418.315,786.404,384.751,896.831,320.994
C1007.26,257.238,1098.96,165.539,1162.72,55.1123
C1171.77,39.4366,1180.22,23.4499,1188.05,7.19081
C1169.05,76.6626,1141.15,143.715,1104.83,206.625
C1030.71,335.005,924.104,441.613,795.723,515.734
C667.343,589.854,521.714,628.875,373.473,628.875
C251.337,628.875,130.972,602.386,20.5672,551.603Z
M276.063,351.832
C312.729,309.864,345.385,264.275,373.473,215.625
C401.561,166.975,424.714,115.899,442.728,63.1612
C511.279,118.041,569.28,185.391,613.497,261.978
C636.532,301.875,655.525,343.759,670.311,387.004
C625.467,395.822,579.698,400.315,533.628,400.315
C445.193,400.315,357.866,383.759,276.063,351.832Z
M-166.664,-414.994
C-153.413,-501.801,-124.086,-585.706,-79.8689,-662.293
C-56.8341,-702.191,-30.0588,-739.581,0,-774.008
C30.0586,-739.581,56.8339,-702.191,79.8687,-662.293
C124.086,-585.706,153.413,-501.801,166.664,-414.994
C111.986,-425.763,56.1766,-431.25,0,-431.25
C-56.1766,-431.25,-111.986,-425.763,-166.664,-414.994Z
M-670.311,387.004
C-655.526,343.759,-636.532,301.875,-613.497,261.978
C-569.279,185.391,-511.279,118.041,-442.727,63.161
C-424.714,115.899,-401.561,166.975,-373.473,215.625
C-345.385,264.275,-312.729,309.864,-276.063,351.832
C-357.866,383.759,-445.193,400.315,-533.628,400.315
C-579.698,400.315,-625.467,395.822,-670.311,387.004Z
M-706.219,560.559
C-702.031,507.375,-691.855,454.94,-675.957,404.235
C-629.279,413.562,-581.613,418.315,-533.628,418.315
C-406.117,418.315,-280.854,384.75,-170.426,320.994
C-59.9984,257.239,31.7025,165.539,95.4572,55.1123
C119.449,13.5565,139.166,-30.1005,154.427,-75.1876
C224.294,-59.5817,291.686,-33.41,354.203,2.68384
C379.766,17.4426,404.3,33.7368,427.684,51.4464
C409.774,105.174,386.433,157.179,357.885,206.625
C283.764,335.005,177.157,441.613,48.7769,515.734
C-79.6035,589.854,-225.233,628.875,-373.473,628.875
C-488.216,628.875,-601.394,605.497,-706.219,560.559Z
M-1188.04,7.19081
C-1180.21,23.4435,-1171.77,39.4422,-1162.72,55.1123
C-1098.95,165.535,-1007.26,257.238,-896.831,320.994
C-884.035,328.382,-871.039,335.365,-857.864,341.937
C-860.944,371.527,-862.5,401.336,-862.5,431.25
C-862.5,445.399,-862.152,459.524,-861.459,473.614
C-960.64,403.392,-1043.76,312.397,-1104.83,206.625
C-1141.15,143.72,-1169.04,76.6559,-1188.04,7.19081Z
M-844.5,431.25
C-844.5,283.01,-805.479,137.381,-731.359,8.99998
C-670.291,-96.7738,-587.168,-187.769,-487.985,-257.99
C-488.678,-243.9,-489.026,-229.774,-489.026,-215.625
C-489.026,-126.847,-475.323,-38.9859,-448.724,44.944
C-521.309,101.962,-582.619,172.497,-629.085,252.978
C-692.841,363.405,-726.406,488.67,-726.406,616.181
C-726.406,743.692,-692.84,868.955,-629.085,979.384
C-620.032,995.065,-610.409,1010.37,-600.241,1025.29
C-650.908,974.091,-695.035,916.415,-731.359,853.5
C-805.479,725.119,-844.5,579.49,-844.5,431.25Z
M-174.777,-308.091
C-174.777,-337.608,-172.933,-367.002,-169.288,-396.108
C-113.804,-407.461,-57.0954,-413.25,0,-413.25
C148.24,-413.25,293.869,-374.229,422.25,-300.109
C550.63,-225.989,657.239,-119.38,731.359,8.99998
C788.73,108.37,825.072,218.074,838.567,331.323
C790.415,354.287,739.917,371.693,688.056,383.278
C672.794,338.191,653.077,294.534,629.085,252.978
C565.33,142.551,473.63,50.8505,363.203,-12.9046
C252.775,-76.6601,127.511,-110.225,0,-110.225
C-47.9846,-110.225,-95.6509,-105.472,-142.328,-96.145
C-163.746,-164.454,-174.777,-235.904,-174.777,-308.091Z
M-136.682,-78.9136
C-91.8383,-87.7318,-46.0695,-92.2246,0,-92.2246
C46.0695,-92.2246,91.8382,-87.7318,136.682,-78.9136
C121.897,-35.6686,102.903,6.2149,79.8687,46.1123
C56.834,86.0095,30.0587,123.4,0,157.827
C-30.0589,123.4,-56.8342,86.0096,-79.8689,46.1123
C-102.904,6.21491,-121.897,-35.6686,-136.682,-78.9136Z
M600.25,1025.29
C610.414,1010.37,620.034,995.061,629.085,979.384
C692.841,868.956,726.406,743.692,726.406,616.181
C726.406,601.405,725.955,586.659,725.059,571.963
C752.225,559.836,778.818,546.279,804.723,531.322
C816.976,524.248,829.036,516.883,840.892,509.238
C829.669,630.243,792.427,747.726,731.359,853.5
C695.037,916.411,650.914,974.092,600.25,1025.29Z
M-587.797,-1032.48
C-518.131,-1050.76,-446.116,-1060.13,-373.473,-1060.13
C-225.233,-1060.13,-79.6038,-1021.1,48.7767,-946.984
C177.157,-872.864,283.764,-766.255,357.885,-637.875
C418.953,-532.101,456.196,-414.618,467.418,-293.613
C455.562,-301.258,443.503,-308.622,431.25,-315.697
C354.366,-360.086,271.424,-392.149,185.439,-411.079
C172.353,-502.449,141.923,-590.812,95.4572,-671.293
C31.7016,-781.721,-59.9986,-873.42,-170.426,-937.175
C-280.853,-1000.93,-406.117,-1034.5,-533.628,-1034.5
C-551.73,-1034.5,-569.799,-1033.82,-587.797,-1032.48Z"/>
</g>
</svg>
