<?xml version="1.0" encoding="UTF-8" standalone="no"?>
<!-- Created with Make The Cut! -->

<svg xmlns:dc="http://purl.org/dc/elements/1.1/" xmlns:cc="http://creativecommons.org/ns#" xmlns:rdf="http://www.w3.org/1999/02/22-rdf-syntax-ns#" xmlns:svg="http://www.w3.org/2000/svg" xmlns="http://www.w3.org/2000/svg" xmlns:sodipodi="http://sodipodi.sourceforge.net/DTD/sodipodi-0.dtd" xmlns:inkscape="http://www.inkscape.org/namespaces/inkscape" mtc_dpi="90" version="1.1" id="svg2" inkscape:version="0.48.0 r9654" viewBox="0 0 258.76959 260.78995" sodipodi:docname="Orange with Blossom.svg">
  <metadata id="metadata86">
    <rdf:RDF>
      <cc:Work rdf:about="">
        <dc:format>image/svg+xml</dc:format>
        <dc:type rdf:resource="http://purl.org/dc/dcmitype/StillImage" />
      </cc:Work>
    </rdf:RDF>
  </metadata>
  <defs id="defs84" />
  <sodipodi:namedview pagecolor="#ffffff" bordercolor="#666666" borderopacity="1" objecttolerance="10" gridtolerance="10" guidetolerance="10" inkscape:pageopacity="0" inkscape:pageshadow="2" inkscape:window-width="1024" inkscape:window-height="743" id="namedview82" showgrid="false" inkscape:zoom="1.2999327" inkscape:cx="-1.73915" inkscape:cy="58.855702" inkscape:window-x="0" inkscape:window-y="0" inkscape:window-maximized="1" inkscape:current-layer="svg2" fit-margin-top="0" fit-margin-left="0" fit-margin-right="0" fit-margin-bottom="0" />
  <g id="g4" style="fill:none;stroke:black" transform="translate(-105.86392,-16.195422)">
    <path d="m 106.36392,145.80282 c 3.07181,59.89547 16.7591,69.78896 27.14447,82.4578 7.7869,3.94261 13.51898,13.77767 20.48641,19.27775 17.62038,13.9092 40.68963,25.98337 63.50789,27.32885 8.27395,0.48758 16.20528,2.07577 24.58371,1.49037 16.32485,-1.14057 31.12356,-5.99227 46.09381,-11.9748 19.57776,-7.82321 38.72899,-23.87437 50.17421,-41.24375 4.68378,-7.10777 10.34518,-13.03139 13.9523,-20.99856 16.37583,-36.1739 15.8908,-78.70831 -2.36103,-114.211757 C 318.92716,27.591616 242.07464,0 180.11499,27.169576 c -3.27425,1.435593 -5.8161,4.449151 -8.70673,6.516738 -4.39946,3.146703 -8.98381,5.59792 -13.31618,8.903399 -10.1587,7.751048 -20.15659,17.122547 -27.16957,27.92553 -9.02529,13.902608 -17.18605,28.704561 -20.71176,45.070117 -2.17053,10.07418 -2.13723,20.29131 -3.84683,30.21746 z" id="path80" sodipodi:nodetypes="ccssssscscssssc" style="fill:black;fill-opacity:1" inkscape:connector-curvature="0" />
    <path id="path58" d="m 196.51181,205.15708 c -5.19842,1.35823 0.89013,10.171 4.95054,8.43171 2.83992,-1.21637 -2.98843,-8.94386 -4.95054,-8.43171 z m -17.26547,6.22633 c -4.26832,2.73547 4.86403,11.36534 8.32112,9.15844 2.61455,-1.66864 -6.41175,-10.38198 -8.32112,-9.15844 z m 47.59205,4.16337 c -2.74981,0.35748 -1.07812,4.22122 0,5.30386 2.4015,2.41026 6.28263,3.39313 9.59168,2.62434 7.10112,-1.65016 -4.04552,-4.58175 -5.09905,-5.27775 -1.27679,-0.84359 -2.77692,-2.87378 -4.49263,-2.65045 z m -27.54966,9.67775 c -3.40844,2.10704 2.4845,8.41021 5.67729,6.01536 2.50141,-1.87609 -3.38535,-7.43251 -5.67729,-6.01536 z m 56.11362,-0.0369 c 0.1956,3.93851 4.51151,6.52491 8.03109,3.65782 1.02683,-0.83635 1.47706,-2.6612 0,-3.30341 -1.07096,-0.46556 -2.77182,-0.0687 -3.93388,-0.15722 l -4.09721,-0.19719 z m 31.98298,0.5465 c -4.08443,2.70365 4.44963,5.52666 7.22861,3.46115 3.87037,-2.87679 -5.35875,-4.69857 -7.22861,-3.46115 z m -71.82218,0.56797 c -5.2261,2.22685 3.70443,11.92973 8.00916,9.60606 3.58049,-1.93286 -6.63503,-10.19143 -8.00916,-9.60606 z m -37.80921,4.56334 c -5.19484,2.80406 3.07194,12.04191 7.17128,8.64834 1.71981,-1.42333 -5.92519,-9.32078 -7.17128,-8.64834 z M 226.2094,25.591632 c 16.23959,-1.812562 34.08804,2.028662 49.16697,7.684443 14.70185,5.514429 28.77143,13.173798 40.45994,23.951193 37.56646,34.63588 50.52919,92.246722 30.2103,139.279432 -9.7874,22.65542 -28.09607,42.5011 -49.15974,55.1663 -15.58029,9.36795 -32.57101,15.0944 -50.70317,16.96068 -15.37148,1.58261 -31.87484,-0.38973 -46.60662,-5.02116 -16.7625,-5.27015 -31.57878,-13.43347 -45.0701,-24.76299 -9.38332,-7.8796 -17.21425,-18.08028 -23.48974,-28.5145 C 97.148602,154.02555 114.15949,82.204278 168.33531,45.167413 185.08551,33.716526 206.25104,27.819003 226.2094,25.591632 z m -76.2663,83.937958 c -2.50701,0.99203 -4.56591,9.90004 -0.71087,8.7436 1.78951,-0.53625 4.70983,-10.32617 0.71087,-8.7436 z m 4.21253,15.82371 c -3.93186,2.34517 2.10907,11.43754 5.81456,9.0806 2.0353,-1.29527 -3.21278,-10.63247 -5.81456,-9.0806 z m -23.56705,18.44492 c -2.1439,1.24253 -0.673,7.29214 1.61585,6.01174 2.042,-1.14211 1.28757,-7.69365 -1.61585,-6.01174 z m 14.98681,7.15028 c -2.29447,1.58463 -0.41074,9.52156 2.63048,8.08034 2.42967,-1.15183 0.63302,-10.33436 -2.63048,-8.08034 z m 55.1884,0.0661 c -3.51854,1.59076 1.9595,8.11568 4.79586,6.87319 3.13235,-1.37209 -2.49527,-7.91337 -4.79586,-6.87319 z m 130.94747,0.3657 c -2.77594,0.10293 -5.90829,7.9267 -2.02612,7.50006 2.52544,-0.2776 5.58049,-7.63121 2.02612,-7.50006 z m -193.59342,11.36791 c -5.0115,2.24018 -1.12112,12.62115 3.4202,10.88443 0.88142,-0.33702 1.08525,-1.36954 0.78718,-2.18592 -0.74469,-2.03685 -2.03174,-9.67063 -4.20738,-8.69851 z m 45.28625,0.55824 c -2.9137,1.43763 0.68321,8.45733 3.71059,7.25323 2.41536,-0.96083 -1.34186,-8.422 -3.71059,-7.25323 z m 141.58302,11.18046 c -2.715,0.0369 -10.41993,9.71925 -5.53492,9.87551 2.98845,0.0952 5.28391,-3.98104 6.29542,-6.29296 0.47529,-1.08625 1.283,-3.61019 -0.7605,-3.58255 z m -110.76017,3.60611 c -3.2671,2.37541 3.42891,6.99816 6.17612,5.08167 2.75748,-1.92366 -4.31087,-6.43786 -6.17612,-5.08167 z m -9.87956,6.35797 c -2.69193,0.81074 -0.21361,6.43681 2.74718,5.07859 2.44094,-1.11958 -0.66888,-5.70444 -2.74718,-5.07859 z m -43.54135,0.32011 c -4.71599,2.54443 2.12085,13.51896 5.67373,10.68774 1.12313,-0.89525 -3.29423,-11.97119 -5.67373,-10.68774 z m 118.66755,14.5156 c -5.71413,0.77593 -8.4111,5.9421 -1.0243,4.79332 5.11693,-0.79591 8.17091,-5.76383 1.0243,-4.79332 z m -125.33638,6.16284 c -3.50215,1.11092 0.59407,10.18072 4.9029,8.55618 3.58307,-1.3501 -3.01559,-9.15436 -4.9029,-8.55618 z m 114.06643,44.6153 c -1.73466,0.15776 -5.58661,0.3324 -6.99505,1.33265 -2.68468,1.90731 1.94569,3.43403 3.41254,3.38592 1.56104,-0.0513 4.16684,-0.36824 5.40937,-1.39514 1.98865,-1.64404 0.21921,-3.50983 -1.82686,-3.32343 z m -55.125,4.84249 c -1.76745,1.24508 0.29657,3.10936 1.37364,3.92726 1.81559,1.37922 7.19329,3.7372 9.39715,2.09266 1.31982,-0.98432 0.24734,-2.59408 -0.78876,-3.24144 -1.79155,-1.11908 -8.09264,-4.11006 -9.98203,-2.77848 z" style="fill:#ff7400;fill-opacity:1" inkscape:connector-curvature="0" />
    <path d="m 222.27442,42.222497 c -5.71977,0.772852 -4.15924,7.767925 -7.7336,10.716455 -3.07604,2.537735 -10.35639,-0.361079 -12.43886,3.967191 -1.73262,3.602014 4.98333,5.17793 5.94414,7.995826 1.01868,2.985385 -3.11033,7.128271 -0.24174,9.906214 1.24559,1.20562 3.45299,0.392815 4.7339,-0.338527 1.97746,-1.127783 3.21228,-3.539036 5.64354,-3.748505 4.25551,-0.366712 7.55276,4.054255 11.74943,3.302936 5.26243,-0.941884 -1.62967,-9.64194 -0.86451,-12.707759 1.0325,-4.137726 7.65829,-2.967435 8.29747,-6.232467 0.31289,-1.600506 -1.04533,-3.014577 -2.30571,-3.767441 -2.29295,-1.369536 -5.31009,0.106505 -7.45809,-1.301923 -2.78514,-1.82637 -0.58333,-8.432726 -5.32597,-7.792 z" id="path6" style="fill:#00ac00;fill-opacity:1" inkscape:connector-curvature="0" />
    <path d="m 216.99052,64.369347 c -3.4837,-0.02614 -5.51287,-0.91474 -7.17026,-4.097299 1.72243,-0.339053 8.24479,-6.081394 9.58356,-3.394593 0.94495,1.896525 -2.0517,5.519535 -2.4133,7.491892 z" id="path40" style="fill:black;fill-opacity:1" inkscape:connector-curvature="0" />
  </g>
</svg>
