<?xml version="1.0" encoding="UTF-8" standalone="no"?>
<svg xmlns:dc="http://purl.org/dc/elements/1.1/" xmlns:cc="http://creativecommons.org/ns#" xmlns:rdf="http://www.w3.org/1999/02/22-rdf-syntax-ns#" xmlns:svg="http://www.w3.org/2000/svg" xmlns="http://www.w3.org/2000/svg" xmlns:sodipodi="http://sodipodi.sourceforge.net/DTD/sodipodi-0.dtd" xmlns:inkscape="http://www.inkscape.org/namespaces/inkscape" width="100%" height="100%" id="doh logo" viewBox="0 0 17.053439 21.494235" version="1.1" inkscape:version="0.48.0 r9654" sodipodi:docname="heart.svg">
  <metadata id="metadata4231">
    <rdf:RDF>
      <cc:Work rdf:about="">
        <dc:format>image/svg+xml</dc:format>
        <dc:type rdf:resource="http://purl.org/dc/dcmitype/StillImage" />
        <dc:title>The Department of Happiness</dc:title>
      </cc:Work>
    </rdf:RDF>
  </metadata>
  <defs id="defs4229" />
  <sodipodi:namedview pagecolor="#ffffff" bordercolor="#666666" borderopacity="1" objecttolerance="10" gridtolerance="10" guidetolerance="10" inkscape:pageopacity="0" inkscape:pageshadow="2" inkscape:window-width="884" inkscape:window-height="689" id="namedview4227" showgrid="false" fit-margin-top="0" fit-margin-left="0" fit-margin-right="0" fit-margin-bottom="0" inkscape:zoom="12.343015" inkscape:cx="0.98573315" inkscape:cy="4.2817254" inkscape:window-x="316" inkscape:window-y="2" inkscape:window-maximized="0" inkscape:current-layer="doh logo" />
  <title id="title4205">The Department of Happiness</title>
  <g transform="matrix(0.42371825,-0.00505345,0.00505345,0.42371825,-203.21157,-228.00016)" id="suit" class="menuitem">
    <path inkscape:connector-curvature="0" style="fill:white;fill-opacity:1;fill-rule:evenodd;stroke:none" d="m 177.71875,23.333021 c 0,0 4.78125,-0.6875 6.40625,-0.09375 1.625,0.59375 6.90625,8.9375 3.15625,12.28125 -3.75,3.34375 -3.96875,6.5 -3.96875,6.5 l -5.4375,-0.78125 c 0,0 -4.58492,-12.253226 -1.4375,-16.1875 0.25,-0.3125 1.21875,-1.78125 1.28125,-1.71875 z" id="path4926" transform="translate(315.20178,522.92112)" />
    <path inkscape:connector-curvature="0" style="fill:#830d0d;fill-opacity:1;stroke:black;stroke-width:0.15000001;stroke-miterlimit:4;stroke-opacity:1;stroke-dasharray:none" d="m 495.32647,561.95179 c -0.74731,5.51737 -4.11008,11.93853 -4.13709,0.73574 0.55521,-3.43443 0.44866,-6.91699 1.02984,-10.34899 0.62137,-3.06499 0.0703,-2.89591 -0.79728,-2.39429 -0.60207,0.34812 -0.44926,0.0897 0.22106,-1.05643 0.75724,-1.29478 0.84395,-2.02726 0.76483,-2.11693 0.249,0.0666 0.95068,0.21876 1.00146,0.22776 0,0.0324 0.56249,0.79731 1.03321,1.81291 0.66677,1.43857 1.11668,1.67639 0.50108,1.51077 -0.65073,-0.17508 -1.31932,-1.14983 -1.05071,0.1621 l 1.4336,11.46736 z" id="path4935" />
    <path inkscape:connector-curvature="0" style="fill:black" d="m 496.19363,559.45727 c 0.37038,-1.06287 1.22179,-2.69266 1.52156,-3.77512 0.62244,-2.24759 0.74139,-7.72067 0.17493,-8.04825 -0.20357,-0.11772 -0.27799,-0.43868 -0.16539,-0.71325 0.1126,-0.27457 -0.0363,-0.84339 -0.33087,-1.26406 -0.29457,-0.42067 -1.27526,-1.10384 -1.54443,-1.38403 1.14505,0.25014 4.83628,2.92946 4.83628,3.20058 0,0.49521 3.36304,1.60328 6.49136,2.13881 2.84668,0.48732 3.19461,0.6253 3.51895,1.39559 0.37359,0.88724 0.85603,2.9309 1.05081,5.4713 0.008,0.10031 -0.2883,0.21077 -0.2796,0.33016 0.009,0.11938 0.72076,0.45651 0.73217,0.59247 0.0114,0.13595 -0.81072,0.56434 -0.79488,0.71437 0.008,0.075 0.31551,0.38894 0.41504,0.53345 0.0995,0.14451 0.23778,1.20174 0.24877,1.28254 0.0879,0.6464 0.30767,1.88794 0.41028,2.46748 0.20521,1.15906 0.4034,4.36201 0.44041,7.11765 l 0.0673,5.01026 -2.98932,1.96034 c -1.64412,1.34668 -3.14912,2.42969 -3.4757,2.60955 -0.54471,0.30001 -0.66973,0.36621 -0.32074,4.37893 0.20923,2.40575 0.47076,5.10633 0.58117,6.00129 0.19998,1.62091 0.95567,3.14721 -0.19589,3.46406 l -2.67481,1.07748 c 0,0 -5.573,0.86051 -11.96866,0.65787 -6.39565,-0.20263 -13.0216,-2.14154 -13.25949,-2.2278 -2.09419,-0.75939 -1.11961,-2.21961 -0.50371,-6.70621 0.33047,-2.40729 0.68629,-5.05917 0.79072,-5.89307 l 0.18988,-1.51618 -1.88741,-1.36249 c -1.90496,-1.37516 -4.03008,-3.78572 -4.4423,-5.03899 -0.28559,-0.86826 0.6826,-9.48499 1.31481,-11.7016 0.26395,-0.92543 0.20647,-1.7608 0.1043,-1.8564 -0.10216,-0.0956 0.17756,-0.44452 0.45392,-0.61674 0.32998,-0.20564 0.25216,-0.5213 0.14981,-0.61707 -0.1793,-0.16777 1.38497,-6.98839 1.66225,-7.24784 0.0748,-0.07 1.37287,-0.35742 2.88454,-0.63868 3.58787,-0.66755 4.97651,-1.18352 6.91896,-2.57088 0.87988,-0.62844 2.96676,-1.9284 3.71446,-2.42289 -0.55406,0.5093 -2.10316,1.98885 -2.13928,4.62457 -0.0337,2.4362 0.25216,6.94786 1.87515,10.36591 3.42106,7.20483 2.90191,10.31606 6.42466,0.20689 z" id="path4933" />
    <path inkscape:connector-curvature="0" style="fill:black" d="m 493.42223,546.96698 c -0.11337,0.0594 -2.64872,-0.18265 -3.41068,-0.55621 -0.76196,-0.37356 -0.63739,-1.43541 -0.136,-1.82477 0.9023,-0.70069 4.44903,-0.83298 5.72134,-0.21735 1.32865,0.64289 2.11924,1.78385 0.28869,2.29703 -0.6733,0.18875 -2.34998,0.2419 -2.46335,0.3013 z" id="path4931" />
  </g>
</svg>
