<?xml version="1.0" encoding="UTF-8" standalone="no"?>
<!-- Created with Inkscape (http://www.inkscape.org/) -->

<svg xmlns:dc="http://purl.org/dc/elements/1.1/" xmlns:cc="http://creativecommons.org/ns#" xmlns:rdf="http://www.w3.org/1999/02/22-rdf-syntax-ns#" xmlns:svg="http://www.w3.org/2000/svg" xmlns="http://www.w3.org/2000/svg" xmlns:sodipodi="http://sodipodi.sourceforge.net/DTD/sodipodi-0.dtd" xmlns:inkscape="http://www.inkscape.org/namespaces/inkscape" id="svg2" version="1.1" inkscape:version="0.48.0 r9654" width="115.28558" height="120.79105" sodipodi:docname="squash.svg">
  <metadata id="metadata8">
    <rdf:RDF>
      <cc:Work rdf:about="">
        <dc:format>image/svg+xml</dc:format>
        <dc:type rdf:resource="http://purl.org/dc/dcmitype/StillImage" />
        <dc:title />
      </cc:Work>
    </rdf:RDF>
  </metadata>
  <defs id="defs6">
    <inkscape:perspective sodipodi:type="inkscape:persp3d" inkscape:vp_x="0 : 0.5 : 1" inkscape:vp_y="0 : 1000 : 0" inkscape:vp_z="1 : 0.5 : 1" inkscape:persp3d-origin="0.5 : 0.33333333 : 1" id="perspective10" />
  </defs>
  <sodipodi:namedview pagecolor="#ffffff" bordercolor="#666666" borderopacity="1" objecttolerance="10" gridtolerance="10" guidetolerance="10" inkscape:pageopacity="0" inkscape:pageshadow="2" inkscape:window-width="640" inkscape:window-height="480" id="namedview4" showgrid="false" inkscape:zoom="2.671875" inkscape:cx="55.645488" inkscape:cy="61.662399" inkscape:window-x="0" inkscape:window-y="0" inkscape:window-maximized="0" inkscape:current-layer="svg2" fit-margin-top="0" fit-margin-left="0" fit-margin-right="0" fit-margin-bottom="0" />
  <g id="g2818" transform="translate(-6.483167,-3)">
    <path style="fill:#f4d9a3" d="M 43.112326,122.41945 C 24.292724,117.35823 9.8381622,100.80441 6.9454424,81 4.23732,62.459401 13.604393,44.691408 30.409465,36.492114 35.984199,33.772168 40.279115,32.613809 50.5,31.073599 c 7.15,-1.077451 14.659714,-2.654215 16.688253,-3.503921 2.028539,-0.849705 6.753539,-4.302286 10.5,-7.6724 3.746461,-3.370115 9.203042,-7.246857 12.125736,-8.614982 4.842865,-2.2669653 5.72733,-2.3834202 9.976214,-1.313539 2.564227,0.645679 4.787217,0.80435 4.939977,0.352602 C 105.83394,7.0573921 109.2771,3 110.94319,3 c 2.68094,0 9.7398,6.8887334 10.60947,10.353773 0.60573,2.413445 0.0986,3.425811 -3.60737,7.201969 -4.13603,4.21431 -4.30175,4.618735 -4.05707,9.900906 0.22564,4.870996 -0.43773,7.039719 -5.74299,18.775237 -3.29894,7.297463 -7.85636,19.732691 -10.127595,27.63384 -4.733847,16.468086 -8.494037,25.027185 -14.123997,32.149615 -9.701292,12.27306 -25.580239,17.49219 -40.781312,13.40411 z" id="path2842" inkscape:connector-curvature="0" />
    <path style="fill:#f6e272" d="M 43,121.70435 C 14.330755,113.48947 -1.0549867,80.589888 11.898369,55.199212 15.038764,49.043531 22.444484,41.573477 28.68741,38.264323 35.651971,34.572656 39.275769,33.565932 52.819865,31.560108 65.811074,29.636165 70.421963,27.5863 78.800767,20.009766 89.296576,10.51893 93.633019,8.9606304 102.5,11.493453 c 1.56482,0.446985 2.49608,-0.306115 4.27986,-3.4610801 C 108.32309,5.3028723 109.74631,4 111.1847,4 113.95538,4 121,11.420596 121,14.339159 c 0,1.31312 -1.67068,3.886324 -4,6.160841 -3.84071,3.750352 -4,4.160012 -4,10.28709 0,5.689737 -0.63942,7.753646 -5.90097,19.047052 -3.24554,6.966222 -7.324428,17.825046 -9.064201,24.13072 C 90.347794,101.82594 83.345803,112.86473 69.05188,119.65713 62.500841,122.77014 50.116036,123.74337 43,121.70435 z M 17.556383,66.13698 c 2.490389,-6.629958 7.914224,-14.501016 13.196373,-19.15055 2.505992,-2.205862 4.310439,-4.256569 4.009882,-4.557125 -1.123353,-1.123353 -7.72686,2.534917 -11.640837,6.448894 C 14.149967,57.850033 10.675173,70.495505 13.745619,83 c 0.417921,1.701999 0.846106,0.149721 1.34143,-4.86302 0.400158,-4.049661 1.511359,-9.449661 2.469334,-12 z" id="path2840" inkscape:connector-curvature="0" />
    <path style="fill:#f6d967" d="M 43,121.70435 C 14.330755,113.48947 -1.0549867,80.589888 11.898369,55.199212 15.038764,49.043531 22.444484,41.573477 28.68741,38.264323 35.651971,34.572656 39.275769,33.565932 52.819865,31.560108 65.811074,29.636165 70.421963,27.5863 78.800767,20.009766 89.296576,10.51893 93.633019,8.9606304 102.5,11.493453 c 1.56482,0.446985 2.49608,-0.306115 4.27986,-3.4610801 C 108.32309,5.3028723 109.74631,4 111.1847,4 113.95538,4 121,11.420596 121,14.339159 c 0,1.31312 -1.67068,3.886324 -4,6.160841 -3.84071,3.750352 -4,4.160012 -4,10.28709 0,5.689737 -0.63942,7.753646 -5.90097,19.047052 -3.24554,6.966222 -7.324428,17.825046 -9.064201,24.13072 C 90.347794,101.82594 83.345803,112.86473 69.05188,119.65713 62.500841,122.77014 50.116036,123.74337 43,121.70435 z M 18.939567,92.7433 C 18.18887,90.024498 18.322726,87.420075 19.466672,82.487476 20.310002,78.851106 21,74.681363 21,73.22138 c 0,-1.459983 0.659179,-4.469559 1.464842,-6.687947 0.805664,-2.218388 1.934447,-5.89557 2.508408,-8.171514 1.331368,-5.279317 6.868628,-11.023825 15.150264,-15.717309 6.035379,-3.420454 6.204636,-3.614596 3.163999,-3.629191 -9.145121,-0.04389 -21.545205,8.639384 -26.609712,18.633707 -5.301029,10.461077 -5.351384,23.365979 -0.132794,34.032392 2.986946,6.105098 3.898717,6.509391 2.39456,1.061782 z" id="path2838" inkscape:connector-curvature="0" />
    <path style="fill:#e8b78b" d="M 43,121.70435 C 14.330755,113.48947 -1.0549867,80.589888 11.898369,55.199212 15.038764,49.043531 22.444484,41.573477 28.68741,38.264323 35.651971,34.572656 39.275769,33.565932 52.819865,31.560108 65.811074,29.636165 70.421963,27.5863 78.800767,20.009766 89.296576,10.51893 93.633019,8.9606304 102.5,11.493453 c 1.56482,0.446985 2.49608,-0.306115 4.27986,-3.4610801 C 108.32309,5.3028723 109.74631,4 111.1847,4 113.95538,4 121,11.420596 121,14.339159 c 0,1.31312 -1.67068,3.886324 -4,6.160841 -3.84071,3.750352 -4,4.160012 -4,10.28709 0,5.689737 -0.63942,7.753646 -5.90097,19.047052 -3.24554,6.966222 -7.324428,17.825046 -9.064201,24.13072 C 90.347794,101.82594 83.345803,112.86473 69.05188,119.65713 62.500841,122.77014 50.116036,123.74337 43,121.70435 z M 25.861824,102.60631 22.764863,98.212614 24.939419,87.856307 C 26.135424,82.160338 27.36526,76.644428 27.672387,75.598728 28.097499,74.151312 27.845184,73.845431 26.615399,74.317343 24.369372,75.179225 22,74.094954 22,72.205246 22,71.335819 24.071227,67.988129 26.602726,64.765935 29.466185,61.12121 31.720753,56.941038 32.569122,53.7037 34.122014,47.77794 36.278758,45.668372 45.089435,41.457254 48.340246,39.903509 51,38.259686 51,37.804314 51,36.214887 36.730071,39.05742 31.72371,41.6441 27.304461,43.927433 19.313836,52.447162 16.636842,57.729955 c -2.655139,5.239664 -4.885446,15.204919 -4.172158,18.641656 0.242958,1.170614 0.66267,4.25669 0.932692,6.857947 0.698086,6.724997 3.732111,12.925475 9.168739,18.737672 5.802789,6.20365 7.442037,6.52152 3.295709,0.63908 z" id="path2836" inkscape:connector-curvature="0" />
    <path style="fill:#f7d14d" d="M 46.715042,121.97977 C 39.059605,120.6615 29.472097,115.59192 23.050369,109.46663 4.0779773,91.370037 2.8115168,61.817474 20.299596,45.277977 28.532571,37.491572 36.480185,34.121894 50.5,32.473424 64.849234,30.786221 70.197797,28.503345 79.453447,20.115505 87.549432,12.7786 91.952548,10.608702 97.391568,11.275429 c 2.259638,0.276991 4.846192,0.80739 5.747892,1.178665 1.21836,0.501661 2.24576,-0.414278 4,-3.5660658 1.2983,-2.3326109 2.93462,-4.4280275 3.63628,-4.6564812 C 112.71449,3.6003006 120,11.386851 120,14.09019 c 0,1.337704 -1.59286,3.957029 -3.75,6.166551 -3.51723,3.602648 -3.75,4.225974 -3.75,10.042163 0,5.427533 -0.7211,7.778969 -5.78055,18.849766 -3.17931,6.956769 -7.352562,18.206769 -9.273898,25 -7.079136,25.029571 -12.260118,34.41331 -23.184568,41.99167 -7.63024,5.29314 -17.978742,7.4869 -27.545942,5.83943 z M 25.861824,102.60631 22.764863,98.212614 24.939419,87.856307 C 26.135424,82.160338 27.36526,76.644428 27.672387,75.598728 28.097499,74.151312 27.845184,73.845431 26.615399,74.317343 24.369372,75.179225 22,74.094954 22,72.205246 22,71.335819 24.071227,67.988129 26.602726,64.765935 29.466185,61.12121 31.720753,56.941038 32.569122,53.7037 34.122014,47.77794 36.278758,45.668372 45.089435,41.457254 48.340246,39.903509 51,38.259686 51,37.804314 c 0,-1.60636 -14.281731,1.259174 -19.364359,3.885329 -4.030561,2.082559 -11.491296,9.137995 -14.213644,13.441497 -8.6315868,13.644854 -6.546009,34.00704 4.748945,46.36552 6.040462,6.60923 7.97792,7.19172 3.690882,1.10965 z M 109.13922,22.045315 111.5,20.090631 l -3.75,1.122466 c -2.0625,0.617356 -3.75,1.496964 -3.75,1.954684 0,1.478084 2.71442,0.885224 5.13922,-1.122466 z" id="path2834" inkscape:connector-curvature="0" />
    <path style="fill:#f8c430" d="M 46.715042,121.97977 C 39.059605,120.6615 29.472097,115.59192 23.050369,109.46663 4.0779773,91.370037 2.8115168,61.817474 20.299596,45.277977 28.532571,37.491572 36.480185,34.121894 50.5,32.473424 64.849234,30.786221 70.197797,28.503345 79.453447,20.115505 87.549432,12.7786 91.952548,10.608702 97.391568,11.275429 c 2.259638,0.276991 4.846192,0.80739 5.747892,1.178665 1.21836,0.501661 2.24576,-0.414278 4,-3.5660658 1.2983,-2.3326109 2.93462,-4.4280275 3.63628,-4.6564812 C 112.71449,3.6003006 120,11.386851 120,14.09019 c 0,1.337704 -1.59286,3.957029 -3.75,6.166551 -3.51723,3.602648 -3.75,4.225974 -3.75,10.042163 0,5.427533 -0.7211,7.778969 -5.78055,18.849766 -3.17931,6.956769 -7.352562,18.206769 -9.273898,25 -7.079136,25.029571 -12.260118,34.41331 -23.184568,41.99167 -7.63024,5.29314 -17.978742,7.4869 -27.545942,5.83943 z M 38.827739,111.67323 C 34.349959,108.23113 34.085312,107.39576 35.367261,100.75 35.951278,97.722393 35.79294,97 34.545313,97 c -2.468625,0 -1.816872,-3.926681 1.22721,-7.393699 2.222878,-2.531719 3.342063,-5.783614 5.645412,-16.403269 1.58009,-7.285047 2.617782,-13.500648 2.305983,-13.812447 C 42.730391,58.397058 34.65699,63.743949 30.041792,68.45205 25.8698,72.708023 23,74.190544 23,72.089798 c 0,-2.032581 8.219736,-11.100496 15.772539,-17.400079 4.566113,-3.808468 8.463673,-7.928561 9.025829,-9.541162 0.81213,-2.329676 2.441791,-3.423661 9.095517,-6.105782 C 61.352248,37.245606 65,35.555105 65,35.286106 65,34.55361 51.432077,35.978732 43.860971,37.506469 35.62496,39.168373 30.12858,41.920527 24.260095,47.321041 18.58377,52.544719 15.614608,57.191299 13.584298,64.028093 7.9979589,82.839336 18.877042,106.1956 36.356549,112.91775 c 7.114625,2.7361 7.437793,2.57335 2.47119,-1.24452 z M 109.13922,22.045315 111.5,20.090631 l -3.75,1.122466 c -2.0625,0.617356 -3.75,1.496964 -3.75,1.954684 0,1.478084 2.71442,0.885224 5.13922,-1.122466 z" id="path2832" inkscape:connector-curvature="0" />
    <path style="fill:#e3a15c" d="M 46.715042,121.97977 C 39.059605,120.6615 29.472097,115.59192 23.050369,109.46663 4.0779773,91.370037 2.8115168,61.817474 20.299596,45.277977 28.532571,37.491572 36.480185,34.121894 50.5,32.473424 64.849234,30.786221 70.197797,28.503345 79.453447,20.115505 87.549432,12.7786 91.952548,10.608702 97.391568,11.275429 c 2.259638,0.276991 4.846192,0.80739 5.747892,1.178665 1.21836,0.501661 2.24576,-0.414278 4,-3.5660658 1.2983,-2.3326109 2.93462,-4.4280275 3.63628,-4.6564812 C 112.71449,3.6003006 120,11.386851 120,14.09019 c 0,1.337704 -1.59286,3.957029 -3.75,6.166551 -3.51723,3.602648 -3.75,4.225974 -3.75,10.042163 0,5.427533 -0.7211,7.778969 -5.78055,18.849766 -3.17931,6.956769 -7.352562,18.206769 -9.273898,25 -7.079136,25.029571 -12.260118,34.41331 -23.184568,41.99167 -7.63024,5.29314 -17.978742,7.4869 -27.545942,5.83943 z m 5.866339,-6.11145 c 0.384678,-0.62242 -0.0306,-1.54021 -0.922831,-2.03953 -1.228909,-0.68773 -1.52107,-1.98718 -1.204964,-5.35934 0.229506,-2.44832 0.739214,-4.97239 1.132686,-5.60904 1.316829,-2.13067 12.139246,-53.35613 11.339101,-53.67106 -1.415188,-0.557004 -15.787382,5.662118 -21.677353,9.380205 -3.161411,1.995663 -8.099387,5.920054 -10.97328,8.720869 -6.079253,5.924668 -8.014934,5.694558 -3.203172,-0.380786 C 32.325142,60.27646 41.803969,53.049375 56.513129,44.462064 76.268372,32.928815 81.56522,28.193006 70.42123,32.027101 c -3.068324,1.055658 -9.480824,2.420689 -14.25,3.033402 -16.059473,2.063217 -24.249561,5.209921 -31.911135,12.260538 -5.676325,5.223678 -8.645487,9.870258 -10.675797,16.707052 -6.1468136,20.698566 6.936452,45.031507 27.701741,51.521157 5.289203,1.653 10.382018,1.79686 11.295342,0.31907 z M 34,94.084987 C 34,92.498554 43.19537,85 45.14079,85 48.422818,85 47.134195,87.882113 42.25,91.465493 37.671967,94.824251 34,95.990154 34,94.084987 z m 75.13922,-72.039672 2.36078,-1.954684 -3.75,1.122466 c -2.0625,0.617356 -3.75,1.496964 -3.75,1.954684 0,1.478084 2.71442,0.885224 5.13922,-1.122466 z" id="path2830" inkscape:connector-curvature="0" />
    <path style="fill:#f6b925" d="M 45,120.63759 C 33.730541,118.18947 22.587496,110.30361 16.174177,100.23774 10.784355,91.778284 8.7460111,83.820001 9.1776139,72.921138 9.5073717,64.594071 9.9768035,62.48942 12.769751,56.816137 18.907847,44.347893 30.99565,36.179915 46.5,34.02391 65.677443,31.357131 70.130539,29.730082 77.892036,22.554057 86.491514,14.60326 90.887913,12 95.71578,12 c 2.428637,0 5.19787,0.418601 6.15384,0.930225 2.19243,1.173353 3.17755,0.4887 6.01473,-4.180225 1.25332,-2.0625 2.65754,-3.75 3.12048,-3.75 1.61951,0 7.17582,5.344952 8.10968,7.801187 1.12536,2.959918 -1.44311,6.546683 -4.08712,5.707506 -2.5396,-0.806039 -12.47936,2.934351 -12.85071,4.835801 -0.37416,1.915798 3.72796,2.312095 6.81749,0.658624 1.68024,-0.899233 1.92865,-0.46903 2.53597,4.391855 0.8183,6.549451 0.64002,7.187238 -6.03953,21.605027 -2.93027,6.325 -7.188716,18.025 -9.463203,26 -8.198481,28.74621 -16.744534,40.0866 -33.497396,44.45017 C 55.62743,122.24806 52.564252,122.28081 45,120.63759 z m 7.581381,-4.76927 c 0.384678,-0.62242 -0.0306,-1.54021 -0.922831,-2.03953 -1.228909,-0.68773 -1.52107,-1.98718 -1.204964,-5.35934 0.229506,-2.44832 0.739214,-4.97239 1.132686,-5.60904 1.316829,-2.13067 12.139246,-53.35613 11.339101,-53.67106 -1.415188,-0.557004 -15.787382,5.662118 -21.677353,9.380205 -3.161411,1.995663 -8.099387,5.920054 -10.97328,8.720869 -6.079253,5.924668 -8.014934,5.694558 -3.203172,-0.380786 C 32.325142,60.27646 41.803969,53.049375 56.513129,44.462064 76.207332,32.964451 81.564373,28.193297 70.508977,31.996911 67.488915,33.035965 59.893566,34.594753 53.630425,35.460884 47.367284,36.327015 40.030386,37.692713 37.326207,38.495768 6.1934018,47.741217 1.8096982,91.910333 30.215799,110.13848 c 8.750234,5.61501 20.565752,8.64203 22.365582,5.72984 z M 34,94.084987 C 34,92.498554 43.19537,85 45.14079,85 48.422818,85 47.134195,87.882113 42.25,91.465493 37.671967,94.824251 34,95.990154 34,94.084987 z" id="path2828" inkscape:connector-curvature="0" />
    <path style="fill:#f7b51a" d="M 45,120.63759 C 33.730541,118.18947 22.587496,110.30361 16.174177,100.23774 10.784355,91.778284 8.7460111,83.820001 9.1776139,72.921138 9.5073717,64.594071 9.9768035,62.48942 12.769751,56.816137 18.907847,44.347893 30.99565,36.179915 46.5,34.02391 65.677443,31.357131 70.130539,29.730082 77.892036,22.554057 86.491514,14.60326 90.887913,12 95.71578,12 c 2.428637,0 5.19787,0.418601 6.15384,0.930225 2.19243,1.173353 3.17755,0.4887 6.01473,-4.180225 1.25332,-2.0625 2.65754,-3.75 3.12048,-3.75 1.62973,0 7.17859,5.352228 8.12236,7.834523 1.28316,3.374989 -0.93408,5.531503 -5.86664,5.705961 C 108.34722,18.714262 102,21.481025 102,23.448973 c 0,1.790382 4.0802,2.113654 6.99417,0.554145 1.68024,-0.899233 1.92865,-0.46903 2.53597,4.391855 0.8183,6.549451 0.64002,7.187238 -6.03953,21.605027 -2.93027,6.325 -7.188716,18.025 -9.463203,26 -8.198481,28.74621 -16.744534,40.0866 -33.497396,44.45017 C 55.62743,122.24806 52.564252,122.28081 45,120.63759 z m 13.505346,-6.81836 c 4.341422,-2.59671 5.746726,-4.06794 6.510045,-6.8154 0.5354,-1.92711 0.975965,-3.82612 0.979032,-4.22003 0.0031,-0.39391 -2.426587,0.61859 -5.399231,2.25 -2.972644,1.63141 -5.897644,2.9662 -6.5,2.9662 -1.850135,0 -1.214226,-3.5823 0.990017,-5.57711 2.693852,-2.437905 8.527585,-10.398238 12.709367,-17.342377 2.606777,-4.328734 4.12021,-9.240125 7.249387,-23.525693 2.175146,-9.930151 3.955087,-18.344486 3.955424,-18.698523 0.002,-2.117542 -23.686277,6.565804 -34.694043,12.717691 -3.407061,1.904097 -7.569561,4.6189 -9.25,6.032897 C 33.374905,63.020881 32,63.735448 32,63.194811 32,60.419165 56.562488,44.857485 79.25,33.25935 80.904236,32.413684 82,31.033198 82,29.794792 c 0,-1.132298 0.936702,-3.574339 2.081559,-5.426758 2.635687,-4.26463 2.11827,-4.236775 -2.663773,0.143405 -2.108479,1.931292 -5.725311,4.427202 -8.037405,5.546468 -3.96324,1.918571 -6.922611,2.60352 -27.098361,6.27194 -15.914921,2.893703 -25.635054,9.789168 -31.5167,22.357957 -10.4424131,22.314925 1.813925,48.715816 26.721623,57.559976 6.347017,2.25369 10.081113,1.72083 17.018403,-2.42855 z M 39,90 c 4.623991,-4.048886 6,-4.738329 6,-3.006272 0,1.197454 -7.843488,7.018659 -9.400038,6.97643 C 34.994983,93.953745 36.525,92.167174 39,90 z" id="path2826" inkscape:connector-curvature="0" />
    <path style="fill:#eb9311" d="M 45,120.63759 C 33.730541,118.18947 22.587496,110.30361 16.174177,100.23774 10.784355,91.778284 8.7460111,83.820001 9.1776139,72.921138 9.5073717,64.594071 9.9768035,62.48942 12.769751,56.816137 18.907847,44.347893 30.99565,36.179915 46.5,34.02391 65.677443,31.357131 70.130539,29.730082 77.892036,22.554057 86.491514,14.60326 90.887913,12 95.71578,12 c 2.428637,0 5.19787,0.418601 6.15384,0.930225 2.19243,1.173353 3.17755,0.4887 6.01473,-4.180225 1.25332,-2.0625 2.65754,-3.75 3.12048,-3.75 1.62973,0 7.17859,5.352228 8.12236,7.834523 1.28316,3.374989 -0.93408,5.531503 -5.86664,5.705961 C 108.34722,18.714262 102,21.481025 102,23.448973 c 0,1.790382 4.0802,2.113654 6.99417,0.554145 1.68024,-0.899233 1.92865,-0.46903 2.53597,4.391855 0.8183,6.549451 0.64002,7.187238 -6.03953,21.605027 -2.93027,6.325 -7.188716,18.025 -9.463203,26 -8.198481,28.74621 -16.744534,40.0866 -33.497396,44.45017 C 55.62743,122.24806 52.564252,122.28081 45,120.63759 z m 16.479871,-5.71594 c 12.263242,-4.58827 20.304862,-16.473127 30.07818,-44.453091 2.948154,-8.440251 7.403656,-19.414515 9.901119,-24.387253 4.9073,-9.771034 5.51569,-12.978949 2.79083,-14.715455 -0.9625,-0.613384 -3.325,-4.314335 -5.25,-8.224336 -2.439343,-4.954718 -4.059332,-7.114005 -5.345708,-7.125304 -2.744777,-0.02411 -7.52935,2.912343 -13.212303,8.108827 -7.908443,7.23147 -8.219955,7.341834 -34.726789,12.303128 -15.484553,2.89825 -25.138863,9.841781 -30.94988,22.259638 -10.4426806,22.315496 1.78707,48.663986 26.721623,57.570626 6.031663,2.15451 11.669047,1.77758 19.992928,-1.33678 z M 56,104.45995 c 0,-0.35169 2.274423,-3.18655 5.054273,-6.299693 C 66.598341,91.951482 76.032649,78.473726 80.590492,70.251017 83.570685,64.874512 85.682823,63.227527 84.439077,67.25 82.085383,74.862223 71.101254,91.787164 64.196476,98.440896 59.035768,103.41397 56,105.64327 56,104.45995 z M 46.5,52.447652 C 49.567567,49.935956 79.05531,35.721976 79.752351,36.419017 80.863498,37.530165 78.63897,38.816613 67,43.793722 c -6.325,2.704725 -13.975,6.126793 -17,7.604596 -3.025,1.477803 -4.6,1.950003 -3.5,1.049334 z" id="path2824" inkscape:connector-curvature="0" />
    <path style="fill:#db740f" d="M 46.715042,120.97977 C 34.282675,118.83891 20.290175,108.41113 14.465822,96.946338 0.10745092,68.682995 15.332693,37.722383 45.165494,34.518388 50.408697,33.955277 50.374896,33.979654 43.1906,35.942653 29.113364,39.789043 19.55504,47.314074 14.180056,58.781935 11.782292,63.897713 11.5,65.658636 11.5,75.5 c 0,10.650762 0.116913,11.238117 3.68243,18.5 4.157291,8.46715 9.550658,14.21963 18.182273,19.39293 8.210106,4.92068 14.705058,6.21894 23.689324,4.73522 8.770825,-1.44847 13.243753,-3.69104 18.54061,-9.29563 8.283703,-8.76496 10.743443,-13.944294 18.47472,-38.901182 2.687951,-8.676817 6.838813,-19.422499 9.376793,-24.27447 C 106.87615,39.099579 108,35.846539 108,32.475531 108,28.293942 106.69585,26.42771 105.74595,29.25 c -0.32799,0.97451 -0.78714,0.947524 -2.08333,-0.122445 C 101.1649,27.065759 101.61689,25 104.56574,25 c 1.41116,0 3.3948,-0.443697 4.40809,-0.985994 1.64219,-0.878873 1.91598,-0.45062 2.5201,3.941858 0.83105,6.042427 0.66353,6.638142 -6.06792,21.578904 -2.98219,6.619122 -7.008786,17.644122 -8.947983,24.5 -6.575274,23.246363 -11.762729,33.158832 -20.879845,39.898342 -8.663327,6.40406 -18.573801,8.82193 -28.88314,7.04666 z M 71,28.296503 c 2.475,-1.626711 6.975,-5.219095 10,-7.983074 8.601655,-7.859437 13.938219,-9.808214 20.26837,-7.401493 2.92801,1.113225 3.70893,0.62197 6.61598,-4.161936 1.25332,-2.0625 2.65754,-3.75 3.12048,-3.75 1.63148,0 7.17906,5.353481 8.12454,7.840273 0.75203,1.977992 0.56582,2.908981 -0.86878,4.343582 -1.73047,1.730466 -2.04707,1.739127 -6.05291,0.165588 l -4.22694,-1.660387 -3.47981,3.905472 c -3.36475,3.77634 -3.52976,3.84129 -4.99037,1.964342 C 98.679752,20.491249 98,18.578749 98,17.30887 98,15.073397 96.816838,14.509771 93,14.927006 89.695838,15.288199 84.188141,18.789754 78.336554,24.249392 74.946658,27.412227 71.720963,30 71.168341,30 70.61572,30 69.339271,30.282186 68.331787,30.62708 67.324304,30.971975 68.525,29.923215 71,28.296503 z" id="path2822" inkscape:connector-curvature="0" />
    <path style="fill:#ac600c" d="m 103.5,27 c -0.33992,-0.55 0.11008,-1 1,-1 0.88992,0 1.33992,0.45 1,1 -0.33992,0.55 -0.78992,1 -1,1 -0.21008,0 -0.66008,-0.45 -1,-1 z m 5,-2 c 0.33992,-0.55 1.06803,-1 1.61803,-1 0.55,0 0.72189,0.45 0.38197,1 -0.33992,0.55 -1.06803,1 -1.61803,1 -0.55,0 -0.72189,-0.45 -0.38197,-1 z m -7.95184,-3.922074 C 99.815249,19.892049 102.63102,14 103.93066,14 c 0.48361,0 2.06603,-2.025 3.51647,-4.5 1.45045,-2.475 3.03368,-4.5 3.5183,-4.5 1.66364,0 7.20715,5.323732 8.16394,7.840273 0.76457,2.010974 0.55783,2.91697 -1.02735,4.502155 -1.9794,1.979397 -1.99376,1.977527 -5.53118,-0.720601 -2.83858,-2.165086 -3.93482,-2.497401 -5.49101,-1.664549 -1.06941,0.57233 -2.21728,1.90044 -2.55083,2.951356 -0.83016,2.615595 -3.17117,4.479361 -3.98084,3.169292 z" id="path2820" inkscape:connector-curvature="0" />
  </g>
</svg>
