<?xml version="1.0" encoding="UTF-8" standalone="no"?>
<!-- Created with Inkscape (http://www.inkscape.org/) -->

<svg xmlns:dc="http://purl.org/dc/elements/1.1/" xmlns:cc="http://creativecommons.org/ns#" xmlns:rdf="http://www.w3.org/1999/02/22-rdf-syntax-ns#" xmlns:svg="http://www.w3.org/2000/svg" xmlns="http://www.w3.org/2000/svg" xmlns:sodipodi="http://sodipodi.sourceforge.net/DTD/sodipodi-0.dtd" xmlns:inkscape="http://www.inkscape.org/namespaces/inkscape" id="svg2" version="1.1" inkscape:version="0.47 r22583" width="110" height="101" sodipodi:docname="apricot.gif">
  <metadata id="metadata8">
    <rdf:RDF>
      <cc:Work rdf:about="">
        <dc:format>image/svg+xml</dc:format>
        <dc:type rdf:resource="http://purl.org/dc/dcmitype/StillImage" />
        <dc:title></dc:title>
      </cc:Work>
    </rdf:RDF>
  </metadata>
  <defs id="defs6">
    <inkscape:perspective sodipodi:type="inkscape:persp3d" inkscape:vp_x="0 : 0.5 : 1" inkscape:vp_y="0 : 1000 : 0" inkscape:vp_z="1 : 0.5 : 1" inkscape:persp3d-origin="0.5 : 0.33333333 : 1" id="perspective10" />
  </defs>
  <sodipodi:namedview pagecolor="#ffffff" bordercolor="#666666" borderopacity="1" objecttolerance="10" gridtolerance="10" guidetolerance="10" inkscape:pageopacity="0" inkscape:pageshadow="2" inkscape:window-width="1280" inkscape:window-height="775" id="namedview4" showgrid="false" inkscape:zoom="1.6930693" inkscape:cx="-9.1957195" inkscape:cy="24.919735" inkscape:window-x="0" inkscape:window-y="0" inkscape:window-maximized="1" inkscape:current-layer="svg2" />
  <g id="g3617">
    <path style="fill:#fcfaf9" d="m 0.59064439,51.681286 0,-50.4999995 54.99999961,0 54.999996,0 0,50.4999995 0,50.500004 -54.999996,0 -54.99999961,0 0,-50.500004 z" id="path2830" />
    <path style="fill:#0f0909;fill-opacity:1" d="m 56.590644,99.533495 c -0.825,-0.327375 -2.98829,-1.279061 -4.80732,-2.11486 -2.87682,-1.321827 -3.85307,-1.338552 -7.5,-0.128491 -4.8767,1.618101 -12.41232,1.610499 -18.40063,-0.01856 C 11.828984,93.448401 3.1753944,76.436246 3.2008944,52.681291 3.2183944,36.364507 7.2428244,24.743777 16.187774,15.1809 c 9.80819,-10.4857386 24.138,-14.50815126 36.6087,-10.2761483 4.85061,1.6460824 5.91262,1.7295186 7.08547,0.5566677 1.60338,-1.6033785 2.10223,-1.618058 14.76917,-0.4346094 11.47426,1.0720184 17.08561,3.3402106 23.7992,9.619991 6.578216,6.15315 9.275956,12.591201 9.908976,23.647371 1.03214,18.027232 -5.33644,34.402756 -18.522746,47.627537 -9.53377,9.561573 -16.9212,13.573314 -25.68442,13.947911 -3.33382,0.1425 -6.73648,-0.0087 -7.56148,-0.33612 z" id="path2828" sodipodi:nodetypes="cssssssssssssc" />
    <path id="path3604" d="m 45.785834,11.414533 29.02653,-3.5500069 9.39708,0.8352957 13.78238,7.3088372 6.264706,18.376507 -13.155896,-1.879416 -27.77359,2.297063 -19.2118,-12.320612 1.67059,-11.067668 z" style="fill:#f7ffff;fill-opacity:1;stroke:white;stroke-width:1px;stroke-linecap:butt;stroke-linejoin:miter;stroke-opacity:1" />
    <path sodipodi:nodetypes="cssssssssssssscccsssccsscssc" style="fill:#ff7f33;fill-opacity:1" d="m 57.590644,98.553356 c -0.825,-0.317701 -3.38865,-1.459983 -5.697,-2.538402 -3.49017,-1.630549 -4.58089,-1.755313 -6.47647,-0.740828 -6.95153,3.720346 -19.16106,2.568337 -26.65024,-2.514536 C 13.237674,89.006906 8.4618544,80.802123 5.9513644,70.742685 3.5569244,61.148216 3.5803044,43.801463 5.9985644,35.693963 9.7968044,22.96014 16.699364,13.948326 26.666094,8.7109573 c 9.41023,-4.9449375 16.67559,-5.6735035 25.79075,-2.5862833 6.045,2.0473833 6.46261,2.0689841 8.2758,0.4280682 1.67509,-1.5159321 2.67379,-1.5948846 8.13375,-0.6430168 3.42332,0.5968059 8.07949,1.0678718 10.34706,1.0468131 4.71389,-0.043778 13.30942,3.5790785 18.09488,7.6266545 1.76976,1.496869 4.621696,5.573434 6.337656,9.059032 11.04015,22.425729 -3.03999,59.217059 -27.348046,71.460327 -6.59543,3.321929 -15.01091,4.874269 -18.70734,3.450804 l 4e-5,0 z m 10.57564,-67.81743 c 1.41431,-5.635038 -7.82057,-15.578127 -14.76839,-15.900964 -2.837,-0.131824 -3.34899,0.203618 -3.60079,2.359152 -0.37556,3.215053 4.82861,11.171961 9.09382,13.903956 4.53732,2.906298 8.49381,2.751823 9.27536,-0.362144 z M 100.18446,22.751163 C 95.823734,15.310145 87.519914,9.6815928 79.225694,8.5447431 c -6.01314,-0.8241933 -7.25995,0.3383526 -1.39789,4.3238089 3.68324,2.504133 8.10982,6.896478 7.96014,10.132438 1.16913,1.62547 7.54432,-0.725809 12.35535,4.987384 5.036456,5.980895 3.975796,2.712895 4.271556,0.999775 0.17831,-1.032847 -0.82537,-3.839491 -2.23039,-6.236986 z" id="path2826" />
    <path id="path3615" d="m 50.659664,94.245106 c -1.13454,-0.717966 -0.25909,-2.171333 4.22616,-7.015936 6.63622,-7.167908 9.4849,-11.814759 13.51611,-22.047884 6.5307,-16.578009 10.61155,-24.751204 3.29964,-38.782554 -2.81189,-5.395937 -7.87407,-13.578129 -4.52539,-10.868245 13.7951,11.163539 15.05843,30.637356 9.79456,46.44155 -4.26215,12.796647 -13.09525,26.110523 -20.3697,30.702681 -4.54646,2.870054 -4.08172,2.747219 -5.94138,1.570388 z" style="fill:#bc3d00" />
    <path sodipodi:nodetypes="csssssc" id="path3613" d="M 21.090644,94.476076 C 10.224344,88.466143 1.9437044,69.341637 4.6583544,44.368503 c 0.45346,-4.171534 0.57619,-8.310753 3.12652,-13.431404 0.51309,-1.030198 0.34499,8.052988 0.42488,13.549465 0.20436,14.059321 6.2882796,33.25925 13.8931696,43.844695 1.91824,2.670062 8.21287,8.031831 8.21287,8.305558 0,0.848073 -7.12777,-1.00072 -9.22515,-2.160741 z" style="fill:#bc3d00" />
    <path id="path2822" d="m 61.098484,14.189952 c -1.45085,-1.603172 -0.71535,-2.526145 -0.87161,-5.2500002 -0.51416,-8.96277071 8.09202,-12.7114582 7.94403,1.5900132 -0.0489,4.723534 -2.3169,3.688744 -7.07242,3.659987 z" style="fill:#310000;fill-opacity:1" />
    <path sodipodi:nodetypes="cssc" style="fill:#512817" d="m 61.316724,12.971829 c -1.56904,-4.1269003 -0.18962,-11.4670212 3.20526,-11.4670212 2.53026,0 2.20022,4.918912 2.47327,7.3001864 0.61795,5.3893198 -4.17619,5.9142158 -5.67853,4.1668348 z" id="path2820" />
  </g>
</svg>
