<?xml version="1.0" encoding="UTF-8" standalone="no"?>
<svg
   xmlns:dc="http://purl.org/dc/elements/1.1/"
   xmlns:cc="http://creativecommons.org/ns#"
   xmlns:rdf="http://www.w3.org/1999/02/22-rdf-syntax-ns#"
   xmlns:svg="http://www.w3.org/2000/svg"
   xmlns="http://www.w3.org/2000/svg"
   xmlns:sodipodi="http://sodipodi.sourceforge.net/DTD/sodipodi-0.dtd"
   xmlns:inkscape="http://www.inkscape.org/namespaces/inkscape"
   id="svg2"
   sodipodi:version="0.32"
   inkscape:version="0.48.0 r9654"
   viewBox="0 0 270.21997 499.99997">
  <g
     id="g2877"
     transform="matrix(0.16715254,0,0,0.16715254,-0.88364447,-0.93069312)">
    <path
       sodipodi:nodetypes="csscccsssssssssssssssscccssssssscccssssssssssssssssssscccssssssssssssssssssssssssssssssssssssssssssssssssssssssssssscccsssscccsssssssssssssssssssscccsssssssssssssssssssssssc"
       style="fill:#9c5b33;fill-opacity:1"
       d="m 1127,2996.3607 c -1.375,-0.2019 -5.875,-0.8463 -10,-1.432 -10.7094,-1.5208 -26.4513,-5.7239 -33.8166,-9.0291 -10.9288,-4.9043 -23.9577,-14.4733 -42.5222,-31.2303 l -7.5676,-6.8306 -7.2968,-0.348 c -14.2968,-0.6817 -37.41565,-9.5433 -50.6635,-19.4195 -16.3375,-12.1797 -32.41257,-32.4351 -49.91593,-62.8967 -6.33669,-11.0279 -8.09193,-15.397 -16.67241,-41.5 -13.40685,-40.7856 -20.2658,-54.3671 -34.20571,-67.7313 -8.60644,-8.251 -14.2603,-12.2433 -43.91219,-31.0074 -28.02588,-17.7351 -38.86654,-25.1825 -52.75677,-36.2432 -20.72588,-16.5038 -41.48275,-38.7934 -46.89367,-50.3563 -5.12877,-10.9599 -7.10696,-23.2845 -7.11633,-44.3363 -0.0111,-24.9229 2.57798,-43.3462 10.3291,-73.5 10.30217,-40.0779 21.31562,-67.8394 50.97811,-128.5 19.51448,-39.9076 26.02331,-54.3209 27.99824,-62 0.63654,-2.475 3.24968,-9.675 5.807,-16 4.2411,-10.4895 4.65308,-12.2469 4.68846,-20 0.0365,-7.9946 -0.19205,-8.9321 -3.84375,-15.7665 -4.96261,-9.288 -13.6899,-18.1917 -29.61745,-30.2161 -29.01542,-21.9051 -83.45879,-81.7952 -102.11347,-112.3292 -11.52255,-18.8602 -29.78937,-54.8832 -52.24829,-103.036 l -4.59309,-9.8477 -10.77258,0.8477 c -5.92491,0.4663 -22.64392,0.7237 -37.15335,0.5719 -14.50943,-0.1517 -27.16585,-0.027 -28.12537,0.2779 -1.21287,0.3849 -2.11706,2.4501 -2.96668,6.7758 -1.74728,8.8962 -5.80066,21.3061 -9.09483,27.845 -4.05467,8.0484 -56.43105,70.771 -87.99496,105.3772 -42.48711,46.5822 -59.02134,67.4455 -82.02411,103.5 -25.83631,40.4958 -51.83113,91.8991 -66.24718,131 -9.6559,26.1899 -12.3999,36.7636 -24.65376,95 l -8.101,38.5 1.66875,15.5 c 2.28401,21.2148 0.81618,43.8095 -3.47448,53.4835 -4.08682,9.2144 -18.71729,21.4977 -25.6056,21.4977 -3.8684,0 -11.50341,-4.4564 -18.66026,-10.8916 -3.11314,-2.7993 -5.94195,-5.0896 -6.28626,-5.0896 -0.3443,0 -3.64718,2.3217 -7.33974,5.1592 -9.74987,7.4924 -18.12826,11.2002 -24.0222,10.6308 -9.59385,-0.9267 -18.24644,-7.6291 -26.68098,-20.6676 -2.5341,-3.9173 -4.80169,-7.1224 -5.03908,-7.1224 -0.23739,0 -3.47809,2.773 -7.20155,6.1623 -7.96274,7.248 -17.16126,13.4353 -21.33788,14.3526 -6.47999,1.4233 -16.9079,-8.2357 -24.30722,-22.5149 -4.13974,-7.9888 -4.35903,-8.9065 -6.117352,-25.5983 -0.779105,-7.396 -2.644111,-18.2746 -4.144459,-24.1745 -2.602903,-10.2356 -2.731821,-11.8957 -2.813383,-36.2272 -0.04701,-14.025 -0.696712,-33.6 -1.443775,-43.5 -4.545483,-60.2362 6.388903,-180.3081 21.862129,-240.0709 4.89132,-18.8919 19.66964,-68.9642 22.11455,-74.9291 0.77671,-1.8949 1.49358,-12.0246 1.94618,-27.5 0.63819,-21.8214 1.0584,-26.1687 3.84345,-39.7632 1.71981,-8.3948 5.3641,-22.0497 8.09842,-30.3443 l 4.9715,-15.0812 -1.93164,-11.6557 c -4.45781,-26.8987 -8.84841,-62.1928 -10.96661,-88.1556 -2.2654,-27.767 -5.03457,-110.5171 -5.04064,-150.6276 -0.003,-22.8321 0.0523,-22.5957 -5.61268,-23.8055 -10.82381,-2.3116 -40.511325,-25.2577 -58.249128,-45.0221 C 52.790624,1694.9832 33.983016,1662.7649 18.493921,1624.6443 6.9965549,1596.3478 5.5508132,1584.7412 5.5214689,1520.5 5.4910361,1453.8761 7.6106694,1429.2865 16.38611,1394.4606 26.541134,1354.1598 44.408031,1303.3205 59.950695,1270.5 c 10.930831,-23.082 35.070884,-65.6107 50.517935,-89 10.11199,-15.3112 15.91635,-22.3409 42.38313,-51.3305 17.0559,-18.6818 20.58672,-23.3337 16.49966,-21.7388 -8.01187,3.1264 -58.85115,13.4029 -60.10469,12.1494 -1.53461,-1.5346 8.00627,-61.5842 12.27323,-77.2468 3.46366,-12.7139 9.1731,-26.9153 17.00152,-42.2888 3.4884,-6.85053 6.15134,-12.76488 5.91765,-13.143 -0.2337,-0.37812 -4.3394,0.18475 -9.12378,1.25081 -25.42081,5.66431 -52.131256,8.45586 -65.922671,6.88968 -12.391241,-1.40717 -31.71136,-4.97117 -32.795787,-6.04987 -1.208484,-1.2021 -0.511939,-2.09198 16.547383,-21.14037 C 77.156781,942.03946 82.404809,935.57821 98.896541,912.52263 149.32302,842.02599 173.9525,802.45147 184.61782,774.7861 202.82999,727.54455 208.79552,705.41717 217.45127,653 224.8821,608.0007 233.24986,574.77539 248.05093,531.5 264.57538,483.18583 279.47304,451.09207 306.16112,406.31433 312.1225,396.31221 317,387.45208 317,386.62515 c 0,-0.82693 -1.88038,-3.66838 -4.17863,-6.31433 C 298.72312,364.07961 282.64283,339.70035 273.37083,320.5 264.02655,301.15 259.58819,285.76631 255.33887,258 c -2.4532,-16.02987 -2.46933,-51.21321 -0.0305,-66.49214 C 260.72586,157.56819 274.6182,120.47487 290.14206,98.5 298.28128,86.978503 318.68817,66.46986 331.33802,57.098638 367.53137,30.285999 409.31455,12.772152 450,7.3602581 c 17.91762,-2.383365 57.69028,-2.3911402 76.99407,-0.015052 51.12361,6.2927669 83.37938,19.1722759 111.45368,44.5026899 10.27242,9.268432 19.03317,19.450917 31.40117,36.497114 18.10843,24.95793 25.81461,38.70938 34.14745,60.93502 1.81049,4.82902 3.59527,8.96759 3.96617,9.19682 0.3709,0.22923 6.04356,-0.46579 12.60591,-1.54447 19.26977,-3.16748 72.76069,-10.69642 87.93155,-12.37653 31.8809,-3.53067 111.88606,-5.66064 136.5,-3.63403 54.63603,4.49851 86.5119,11.24743 144.7962,30.65702 18.8628,6.28164 34.6997,11.42116 35.193,11.42116 0.4932,0 3.51,-2.41285 6.7038,-5.36188 27.847,-25.71251 68.8226,-51.65295 99.6637,-63.09418 27.161,-10.07602 72.626,-17.410497 100.6433,-16.235916 43.8105,1.836686 80.58,17.855856 118.6512,51.692026 26.5775,23.62109 41.9087,49.57097 49.0364,82.99995 2.8186,13.21894 2.5245,47.76429 -0.5266,61.85655 -3.1904,14.73545 -8.4021,29.77187 -15.1272,43.64345 -8.5466,17.62874 -17.5029,30.59388 -59.0629,85.5 -10.1996,13.475 -18.8798,25.04243 -19.2893,25.7054 -0.4095,0.66297 0.4488,4.03797 1.9073,7.5 8.9147,21.1605 20.3969,57.61968 25.869,82.14158 8.7597,39.2541 14.1555,93.66809 19.5501,197.15302 3.8937,74.69335 16.619,147.25427 32.4322,184.93124 9.4808,22.5891 24.9814,49.27312 38.3791,66.06876 3.0711,3.85 10.8931,12.48792 17.3823,19.1954 6.4891,6.7074 11.7984,12.7768 11.7984,13.4875 0,0.7106 -3.1557,4.3251 -7.0126,8.0321 -5.0253,4.8299 -9.4889,7.9509 -15.75,11.0125 l -8.7374,4.2725 -15,-0.062 c -16.8491,-0.07 -30.1504,-2.3666 -51.8699,-8.9579 -6.5284,-1.9812 -12.4909,-3.3639 -13.25,-3.0726 -0.8841,0.3393 -1.3801,2.1109 -1.3801,4.93 0,5.8019 -2.5783,20.4663 -5.084,28.9159 -2.5907,8.736 -6.8492,18.1749 -11.4323,25.3395 l -3.6521,5.7091 3.8342,3.7067 c 2.1088,2.0386 16.4342,15.4201 31.8342,29.7365 27.9945,26.0248 65.1669,63.0029 75.65,75.2547 3.0589,3.575 10.505,13.025 16.5469,21 60.4709,79.8186 82.6248,135.1697 71.3803,178.3422 -13.3399,51.2175 -76.0992,134.8163 -134.0772,178.598 -18.9762,14.3298 -69.0627,35.8596 -107,45.9942 -24.2406,6.4757 -47.869,8.0283 -63.032,4.1418 -27.4749,-7.0422 -45.4968,-25.3233 -52.941,-53.7023 -5.1769,-19.7357 -7.1658,-56.4675 -3.7446,-69.159 4.0028,-14.8494 17.9116,-37.9409 30.8747,-51.2586 4.0386,-4.1491 14.5429,-13.6404 23.3429,-21.0919 26.809,-22.7007 53.6839,-47.0821 52.8186,-47.9179 -0.4502,-0.4349 -6.6686,-1.7791 -13.8186,-2.987 -39.9963,-6.7573 -81.0741,-25.4139 -108.7389,-49.3868 -4.8064,-4.165 -9.1543,-7.5727 -9.6621,-7.5727 -1.664,0 -2.005,7.0607 -1.9564,40.5 0.053,36.6992 -0.7743,46.7317 -6.7232,81.5 -8.4138,49.174 -16.0496,78.4705 -33.808,129.7128 -18.765,54.1467 -25.5925,69.786 -61.0255,139.7872 -38.0974,75.2651 -43.7667,85.3626 -72.9472,129.9236 -21.1874,32.3548 -23.9251,39.8741 -24.0577,66.0764 l -0.081,16 12.2033,54 c 13.0735,57.8503 20.7506,94.5687 24.8504,118.8559 1.406,8.3293 6.3763,34.7191 11.0451,58.6441 12.6094,64.616 13.5414,70.6712 14.1351,91.8388 1.391,49.5883 -7.7211,92.8868 -29.3194,139.32 -4.1806,8.9877 -12.6829,27.5912 -18.8941,41.3412 -15.5559,34.4372 -21.4938,46.5936 -27.5982,56.5 -22.72658,36.8816 -28.93163,48.4252 -28.90024,53.7647 0.0275,4.6728 2.80648,10.8485 6.58492,14.6334 4.12032,4.1274 8.64102,6.8914 48.39312,29.5886 49.9847,28.5397 66.5733,38.6545 98.5,60.0594 53.0885,35.5926 73.3977,52.0572 92.4565,74.9539 16.0851,19.3242 30.9823,41.76 37.5156,56.5 3.299,7.4429 6.5116,20.5117 6.5209,26.5269 0.01,3.7408 0.7197,5.4755 4.1115,9.9895 8.6589,11.5239 11.8563,21.4256 11.8807,36.792 0.036,22.7108 -7.052,47.6185 -16.5393,58.1198 -4.1814,4.6284 -11.8733,8.9215 -20.4459,11.4117 -4.7883,1.3909 -5.9476,2.2586 -8.9592,6.706 -4.8197,7.1177 -14.9727,17.2957 -21.2744,21.3268 -7.1797,4.5928 -12.0878,6.0836 -26.7664,8.1297 -6.875,0.9584 -13.2061,2.1096 -14.0691,2.5584 -0.863,0.4488 -3.0342,3.7024 -4.8249,7.2304 -6.7034,13.2067 -15.6946,20.4548 -28.8256,23.2373 -6.1493,1.303 -20.9888,1.7557 -27.2804,0.8322 z"
       id="path2408"
       inkscape:connector-curvature="0" />
    <path
       sodipodi:nodetypes="cscccsssssssssssssssssssssssssssssssssssssssssssccccccscccssssssssssssssssssssssssssccsssscccssscccsssssssssssssssssssssssssssssssssssssssssssssscccsssssssssssssssssssssccssssssssssssssssssssscccssssscccssssssssccsssssssssssssscccsssssssssssssssssssssssssssssssssssssssssssssssssssssssssscccsssscccssssssssssssssscccssssccssssssssccsssssssssccsssssscccssssssssssccsssssssssssssssccssssssssssssssssssssssssssssccsssssssssscccssssssssssssssccssssssssssssssccsc"
       style="fill:#663a1d;fill-opacity:1"
       d="m 1114,2993.9738 c -12.4519,-2.2114 -26.5077,-6.1782 -32.3224,-9.122 -10.8491,-5.4926 -26.2974,-17.1805 -41.812,-31.6343 l -6.3656,-5.9304 -8.5,-0.5179 c -13.2518,-0.8075 -34.23343,-8.4341 -47,-17.0841 -6.03612,-4.0897 -18.9036,-16.5724 -25.96147,-25.1851 -13.03577,-15.9074 -30.79052,-45.3544 -35.87493,-59.5 -1.68036,-4.675 -6.08572,-17.9324 -9.78968,-29.4608 -7.71889,-24.0247 -16.27663,-42.2574 -24.65249,-52.5234 -7.61562,-9.3343 -17.19447,-16.956 -37.72319,-30.0158 -35.22393,-22.4085 -48.32448,-31.143 -60.34055,-40.2309 -13.62622,-10.3056 -42.04658,-38.0609 -48.01342,-46.8899 -21.0365,-31.1269 -13.36793,-105.3216 19.37186,-187.426 7.43775,-18.6523 16.78181,-38.9262 33.16266,-71.9532 15.02413,-30.2916 24.11037,-50.5611 25.3273,-56.5 0.39445,-1.925 2.65239,-8.225 5.01765,-14 4.81415,-11.7542 6.8905,-21.158 5.90716,-26.7535 -2.08332,-11.8547 -13.08321,-25.5352 -32.35382,-40.2384 -25.5737,-19.5124 -54.44263,-49.2019 -84.60465,-87.0096 -10.77766,-13.5096 -17.12047,-22.7717 -24.99475,-36.4985 -7.24239,-12.6253 -28.91661,-55.8474 -41.08731,-81.935 -5.11517,-10.9643 -9.88307,-20.2287 -10.59534,-20.5875 -0.71226,-0.3589 -6.69503,-0.246 -13.29503,0.2507 -6.6,0.4967 -21.91488,0.6276 -34.03307,0.2909 -26.45427,-0.7349 -30.26635,-0.3224 -31.05522,3.3609 -6.12933,28.6179 -7.58691,31.2945 -34.94083,64.1626 -31.56837,37.9323 -43.50731,51.8202 -60.99944,70.9574 -45.32148,49.5839 -63.59296,72.8786 -88.24048,112.5 -27.89224,44.8373 -52.55349,95.5954 -66.22456,136.3041 -6.98958,20.8131 -8.89317,28.2448 -16.9557,66.1959 -12.38436,58.2943 -11.82235,54.6849 -10.40143,66.8008 2.76473,23.5745 0.86836,51.2275 -4.0937,59.6946 -3.50021,5.9727 -14.55416,15.9567 -19.94674,18.0162 -4.54754,1.7367 -4.5885,1.733 -9.9495,-0.8898 -2.96073,-1.4486 -8.32678,-5.3311 -11.92456,-8.6278 -3.59777,-3.2967 -6.83516,-5.994 -7.1942,-5.994 -0.35903,0 -3.41105,2.2318 -6.78227,4.9596 -9.3832,7.5923 -17.054,11.3261 -23.2685,11.3261 -9.64167,0 -19.61532,-7.587 -28.14942,-21.4133 -1.99356,-3.2298 -4.12319,-5.8615 -4.73252,-5.8482 -0.60932,0.013 -4.70548,3.1593 -9.10256,6.9911 -8.61107,7.504 -17.79035,12.9847 -21.74739,12.9847 -5.74844,0 -16.11135,-10.9082 -22.32529,-23.5 -3.09947,-6.2807 -3.65629,-8.7468 -5.41891,-24 -1.080465,-9.35 -2.937858,-20.375 -4.12754,-24.5 -2.338267,-8.1075 -3.068756,-24.9682 -4.477962,-103.3578 -0.976283,-54.3074 3.154185,-108.7874 13.164912,-173.6422 3.92593,-25.4343 11.97383,-56.8988 26.21718,-102.5 l 5.93457,-19 0.57732,-21.5 c 0.77946,-29.0276 3.74764,-46.0988 12.90776,-74.2376 l 4.1465,-12.7375 -3.1861,-20.7625 c -8.83966,-57.6041 -11.25553,-87.6159 -13.21062,-164.112 -0.61359,-24.0077 -1.41804,-53.7267 -1.78767,-66.0422 l -0.67206,-22.3919 -4.17637,-1.2309 c -9.40635,-2.7724 -23.51941,-12.3123 -41.400727,-27.9854 -22.882621,-20.0568 -42.67935,-47.6234 -59.220656,-82.4637 -7.447039,-15.6854 -18.045735,-41.9475 -19.587974,-48.5363 -4.6638608,-19.9251 -6.8074792,-66.2296 -5.1966964,-112.2543 0.6255564,-17.8739 1.808832,-39.5288 2.6295013,-48.1219 2.6398341,-27.6413 9.4561651,-56.1981 23.4838901,-98.3853 C 49.683243,1290.6508 64.106073,1259.4671 95.736572,1206 114.66966,1173.9962 121.65791,1164.8622 154.80713,1128.7923 164.26321,1118.5031 172,1109.5645 172,1108.9288 c 0,-1.3988 -1.02255,-1.2265 -20.5,3.4533 -16.91791,4.0648 -41.08637,8.3649 -41.98182,7.4694 -0.71767,-0.7177 5.6131,-43.2881 9.12165,-61.3374 3.55154,-18.2704 9.50844,-35.3717 18.93367,-54.3556 5.76993,-11.62149 7.73706,-16.48583 6.81063,-16.84134 -0.71648,-0.27494 -5.48352,0.42997 -10.59341,1.56646 -33.74596,7.50542 -56.751905,8.66701 -81.79072,4.12968 -13.688668,-2.48055 -15,-2.84342 -15,-4.15072 0,-0.55146 8.282155,-10.30864 18.40479,-21.68262 24.276102,-27.27708 27.158145,-30.86299 45.55434,-56.67996 29.7941,-41.81262 47.00426,-67.4504 62.67643,-93.36837 C 175.6161,797.31872 180.47739,787.35855 188.3475,766.5 203.33441,726.77942 209.46023,703.66692 217.03494,658.26332 224.35142,614.40755 228.43149,596.51312 239.66777,559 257.39914,499.80249 279.04534,451.39661 311.46597,398.44273 315.05968,392.57297 318,387.33774 318,386.80889 c 0,-0.52886 -4.44384,-6.49188 -9.8752,-13.25116 -19.26864,-23.97968 -35.99079,-52.68454 -42.90397,-73.648 C 239.07606,208.80026 255.91885,131.66864 325.44632,62.330452 355.2383,38.299856 395.5132,18.84753 431.71409,11.004311 c 29.28564,-6.3449771 73.83062,-6.7369228 110.01439,-0.968003 33.50177,5.341318 57.17524,13.761498 77.83867,27.685656 19.53514,13.16386 32.18798,26.301524 52.27498,54.278036 16.77125,23.35845 22.50795,33.76042 31.64047,57.37148 l 3.81818,9.87148 4.59961,-0.57336 c 2.52979,-0.31535 16.73525,-2.41822 31.56769,-4.67306 70.45926,-10.71126 91.24824,-12.34136 158.53192,-12.43077 41.88488,-0.0556 51.73069,0.21082 64,1.73214 50.6893,6.28515 82.818,14.10337 138.6999,33.75131 l 20.1998,7.10222 11.8002,-10.20103 c 34.906,-30.17572 67.7836,-49.86 102.7267,-61.50391 15.4863,-5.16042 31.6773,-8.51566 55.5344,-11.50833 22.2016,-2.784993 48.6255,-2.358974 64.539,1.04053 30.6835,6.55474 59.1205,21.17454 86,44.21355 28.5309,24.45451 43.3442,47.03143 51.5383,78.54954 10.552,40.58766 3.1457,86.57871 -20.3737,126.51619 -6.986,11.86263 -13.2011,20.55795 -45.3129,63.39522 -14.4935,19.33426 -26.3517,35.81577 -26.3517,36.62557 0,0.8098 1.1158,3.99532 2.4795,7.07892 4.2481,9.6058 13.353,36.04472 18.0582,52.43775 14.2094,49.50589 19.9987,96.90445 26.4683,216.70456 3.3945,62.85621 9.6833,110.9546 20.0167,153.09445 5.6831,23.17544 10.859,37.48387 20.9467,57.90555 14.0458,28.43458 27.8036,48.14436 48.2222,69.0846 5.9446,6.0965 10.8084,11.7919 10.8084,12.6563 0,0.8645 -3.2106,4.5443 -7.1346,8.1773 -8.4135,7.7897 -18.6421,13.1883 -27.7503,14.6466 -12.5661,2.012 -39.6011,-2.0471 -63.6627,-9.5585 -6.4376,-2.0096 -12.0442,-3.2832 -12.459,-2.8301 -0.4148,0.4531 -1.2896,5.204 -1.9441,10.5576 -2.3422,19.1614 -7.1842,34.4403 -14.9818,47.2753 -2.2371,3.6824 -4.0675,7.2777 -4.0675,7.9895 0,0.7118 1.6875,2.7557 3.75,4.5419 20.1651,17.4637 73.9993,69.0111 92.166,88.251 39.559,41.8957 80.548,103.7274 95.5977,144.2085 7.6342,20.5347 8.8573,26.9756 8.9252,47 0.055,16.1205 -0.1859,18.8328 -2.3046,25.9763 -5.6537,19.0618 -17.0572,41.4679 -34.6203,68.0237 -19.1722,28.9887 -39.0542,52.9612 -65.1521,78.5562 -31.5769,30.9684 -46.3007,40.532 -88.8783,57.73 -29.4146,11.8812 -55.4944,19.5221 -77.9427,22.8359 -40.3215,5.9523 -72.0958,-10.3702 -85.5284,-43.936 -8.3353,-20.8287 -11.8036,-67.2109 -6.1973,-82.8774 3.6265,-10.1339 12.4524,-26.0787 19.8212,-35.8087 8.1935,-10.8191 13.513,-16.1611 28.3174,-28.4375 21.3138,-17.6741 58.1022,-51.0324 57.8275,-52.4356 -0.2009,-1.0265 -4.2809,-2.1079 -14.2813,-3.7854 -16.365,-2.7451 -20.5567,-3.848 -38,-9.9984 -31.2239,-11.0094 -52.5596,-23.0717 -72.0793,-40.7506 -4.0034,-3.6259 -7.7522,-6.5925 -8.3307,-6.5925 -1.8005,0 -1.9958,3.421 -2.4559,43 -0.492,42.3216 -1.2344,50.3545 -8.133,88 -8.0285,43.8114 -15.5533,72.5061 -30.2883,115.5 -19.5366,57.004 -25.7519,71.4694 -59.724,139 -39.7309,78.9782 -46.4633,91.0467 -75.6798,135.6642 -16.6596,25.4413 -18.7919,29.5654 -22.4951,43.5089 -2.1866,8.2328 -2.6241,12.098 -2.6971,23.8269 l -0.087,14 11.2915,49.9513 c 14.7596,65.293 20.0681,90.5375 25.6695,122.0724 2.5377,14.287 7.7561,41.9513 11.5964,61.4763 14.3951,73.1886 15.811,84.6289 14.0803,113.7645 -2.8505,47.9881 -10.185,75.606 -33.7011,126.9003 -7.5229,16.4094 -16.5371,36.2176 -20.0315,44.0184 -9.5794,21.3844 -18.5306,38.799 -26.1721,50.9181 -7.1059,11.2695 -18.41609,30.7402 -22.13681,38.1089 -4.46645,8.8454 -2.12319,18.6201 6.21327,25.918 2.43254,2.1295 22.05214,13.9402 43.59914,26.2461 54.7087,31.2449 68.923,39.8525 98.0617,59.3823 65.1143,43.6419 84.2015,60.2437 110.1784,95.8318 19.0472,26.0943 27.5434,44.4057 29.4223,63.4116 0.5575,5.6395 1.2339,7.6239 3.4802,10.2103 10.1407,11.6757 13.994,26.975 11.9481,47.4397 -2.0736,20.7414 -8.7188,40.1051 -16.5198,48.1376 -4.191,4.3153 -10.6684,7.8307 -18.7662,10.1848 -5.2697,1.5319 -6.1334,2.2401 -12.1875,9.9933 -13.9551,17.8716 -23.2309,23.2833 -45.5236,26.5596 -7.9575,1.1694 -14.7983,2.3303 -15.2017,2.5797 -0.4035,0.2493 -2.1889,3.4095 -3.9676,7.0226 -6.07,12.3298 -15.3714,20.3419 -26.7152,23.0119 -8.1649,1.9218 -29.4725,1.5852 -42.1474,-0.6657 z m -78.5322,-96.5845 c 0.8859,-0.8858 2.7785,-3.9233 4.206,-6.75 6.2339,-12.3448 11.0955,-17.5014 21.3262,-22.6203 12.0262,-6.0173 54.0451,-21.8076 66.7445,-25.082 6.4117,-1.6532 11.8558,-3.2039 12.0979,-3.446 0.8464,-0.8465 -7.0379,-9.5426 -15.6538,-17.2655 -4.7787,-4.2835 -13.6386,-11.1404 -19.6886,-15.2376 -6.062,-4.1053 -15.6324,-11.9347 -21.3193,-17.4409 -8.3978,-8.131 -10.9378,-11.3002 -13.6402,-17.0193 -4.5083,-9.5408 -6.9904,-17.4778 -5.8289,-18.6393 1.8299,-1.8299 38.6826,15.8695 49.2884,23.6719 17.2967,12.7246 49.6252,40.9556 55.0062,48.0346 2.4688,3.2478 4.8643,6.1795 5.3234,6.5149 0.459,0.3353 5.8601,-1.4216 12.0025,-3.9042 13.0027,-5.2556 22.2662,-6.3819 31.6666,-3.8504 3.0242,0.8145 5.6807,1.2987 5.9033,1.0762 0.6495,-0.6495 -9.8301,-27.3029 -13.5867,-34.5558 -1.887,-3.6433 -7.2312,-11.5183 -11.8759,-17.5 -8.2653,-10.6444 -12.982,-18.8384 -14.1205,-24.5309 -0.7739,-3.8696 0.9697,-3.731 9.9561,0.791 21.3575,10.7474 29.4445,20.2042 46.9169,54.8643 4.4361,8.8 8.2292,16.184 8.4291,16.4088 0.1998,0.2249 3.768,-1.1251 7.9293,-3 l 7.5658,-3.4088 -0.5094,-4.7374 c -0.6367,-5.9207 -6.1283,-18.7228 -12.2325,-28.5166 -17.6404,-28.3027 -51.2735,-59.0103 -98.1735,-89.6339 -22.5514,-14.7251 -69.1852,-43.8034 -86.7007,-54.0618 -8.25,-4.8319 -26.7,-15.8707 -41,-24.5308 -14.3,-8.6601 -29.78426,-17.9447 -34.40946,-20.6326 -4.6252,-2.6878 -11.5321,-7.7384 -15.34866,-11.2236 l -6.93921,-6.3368 -6.15133,0.7104 c -9.1271,1.054 -16.32001,3.1427 -24.15134,7.0132 -9.2425,4.5679 -15.16632,9.7969 -24.83623,21.9234 -16.28069,20.4166 -20.01684,28.642 -19.99775,44.0265 0.0145,11.7205 2.67312,21.2223 10.05228,35.9273 6.45004,12.8534 11.97301,21.453 34.70827,54.0427 51.32385,73.5698 60.22916,90.2716 72.17333,135.3604 1.9916,7.5183 4.2558,14.9029 5.0314,16.4102 1.7072,3.3176 4.8938,5.5107 10.5923,7.2902 5.7287,1.7889 7.3384,1.7643 9.2442,-0.1415 z M 1027.5,2212.5062 c 13.3567,-3.6873 28.5,-13.1338 28.5,-17.7786 0,-3.1514 -9.3329,-55.2508 -15.6257,-87.2276 -7.2548,-36.8654 -11.8218,-56.2477 -19.6747,-83.5 -13.1216,-45.5367 -17.6758,-71.9684 -17.6914,-102.6776 -0.018,-34.7363 5.4299,-53.1476 24.2376,-81.918 13.0429,-19.952 34.3406,-55.7536 51.9952,-87.4044 56.3563,-101.0346 95.5095,-201.0538 108.6808,-277.6319 6.7677,-39.3476 11.3158,-75.9296 15.5866,-125.3681 2.886,-33.4088 3.5745,-39.2749 11.0109,-93.8253 2.9485,-21.629 5.9043,-39.9801 6.5684,-40.7803 2.2232,-2.6789 -0.8437,-31.1999 -3.7071,-34.4735 -2.0844,-2.383 -12.0411,-25.0298 -15.9999,-36.3923 -1.9217,-5.5157 -4.3371,-14.9786 -5.3675,-21.0286 -2.5366,-14.8941 -4.3763,-38.5075 -3.5782,-45.9289 0.8837,-8.2169 4.4242,-27.0813 5.7037,-30.3901 l 1.0368,-2.681 3.1745,3.6416 c 1.746,2.0029 5.557,8.4693 8.4689,14.3698 6.236,12.6361 12.7998,20.2179 20.2948,23.4421 4.2341,1.8215 5.543,1.9849 8.3858,1.0467 7.5404,-2.4886 14.8694,-14.8422 22.7003,-38.263 3.9105,-11.6958 4.1127,-12.9125 4.5678,-27.4995 0.2824,-9.05 -0.017,-19.1794 -0.7351,-24.88576 -0.9996,-7.94177 -0.9772,-9.78667 0.1281,-10.55764 3.3338,-2.3253 51.5262,1.31247 63.8394,4.81886 13.6287,3.88101 27.455,14.10444 35.1345,25.97904 2.3008,3.5577 4.6469,6.314 5.2135,6.1251 4.4446,-1.4815 7.0678,-12.4014 8.5801,-35.7173 0.5886,-9.075 1.9321,-20.325 2.9856,-25 2.1615,-9.5913 7.4582,-24.80316 9.6199,-27.62767 1.6187,-2.11501 0.2707,-3.34703 21.762,19.8901 14.09,15.23459 24.5058,23.00266 43.2044,32.22168 14.9381,7.36498 33.8699,14.47931 35.143,13.20627 0.3679,-0.36791 -1.3653,-3.26126 -3.8514,-6.42966 -6.0612,-7.72434 -14.841,-21.35053 -18.655,-28.9524 -8.0953,-16.13502 -21.7284,-63.31486 -29.6123,-102.47919 -3.1638,-15.71672 -3.8822,-22.71661 -7.528,-73.35195 C 1420.2761,624.69982 1418.4427,608.04737 1407.0068,560.5 1388.9591,485.46276 1367.6935,431.36805 1339.2396,388.11594 1302.4514,332.19532 1223.1411,265.63318 1149.1579,228.58759 1126.0075,216.99552 1098.4092,206.19338 1081,201.91018 c -8.9654,-2.20576 -11.3571,-2.33934 -42.5,-2.37373 -35.7446,-0.0395 -45.80412,0.71157 -74.37478,5.55286 -55.05928,9.32979 -96.3726,26.1349 -145.12522,59.03289 -63.98194,43.17466 -101.63845,94.27648 -119.49821,162.16522 -4.83926,18.39506 -8.63156,40.86971 -7.13784,42.30163 0.62483,0.59898 4.96105,2.07114 9.63605,3.27147 46.03421,11.8195 77.61742,57.69128 71.0685,103.22062 -5.37768,37.38663 -31.2811,67.07387 -68.40516,78.39741 -4.83287,1.47411 -8.99906,3.23275 -9.25821,3.90807 -1.09126,2.84378 10.11293,74.68308 11.81298,75.74281 0.55537,0.34619 3.32099,0.006 6.14582,-0.75645 C 728.55448,728.27405 753,726.45431 753,729.42245 c 0,0.78234 -1.50849,1.92029 -3.3522,2.52877 -8.75695,2.89006 -38.47968,22.74001 -54.72703,36.54878 -15.16882,12.89211 -30.2665,36.09092 -34.49216,53 -2.28619,9.14824 -2.32513,24.85863 -0.0827,33.379 4.00607,15.22174 9.91922,26.06022 20.15412,36.94141 13.22402,14.05906 27.70182,21.57141 49.72411,25.80123 10.84084,2.08219 33.85224,3.20701 45.65438,2.23163 12.8535,-1.06227 45.52554,-6.16301 69.62151,-10.86925 54.63794,-10.67148 90.09338,-14.08881 108.29216,-10.4376 16.06271,3.22265 43.09494,13.17583 67.70781,24.92982 49.7889,23.77688 81.1477,27.74449 108.9983,13.79083 17.7355,-8.88577 33.1418,-21.0129 42.5779,-33.51533 7.0051,-9.28152 16.1282,-27.22609 18.4102,-36.21184 3.1255,-12.30713 1.5596,-28.59544 -3.946,-41.04436 -2.5953,-5.86853 -10.4189,-19.11833 -14.3348,-24.27692 -5.3139,-7.00036 -43.1075,-34.57456 -57.1221,-41.67629 -9.5046,-4.81636 -5.0925,-5.88503 10.6108,-2.57009 18.6515,3.93729 34.4808,10.74015 52.3057,22.47906 13.3372,8.78347 18.2041,13.44632 23.854,22.85401 16.8645,28.0815 21.7984,48.22298 17.6458,72.03542 -2.5591,14.675 -8.7259,29.22444 -18.7171,44.15927 -8.3351,12.45933 -20.553,22.73014 -44.3742,37.30257 -22.6178,13.83626 -31.7157,17.7874 -50.8477,22.08264 l -11.9392,2.68042 -5.6771,20.96717 c -20.8774,77.1063 -34.5075,115.1621 -49.4925,138.1847 -24.1033,37.0317 -63.95964,65.0117 -102.36175,71.8599 -12.20957,2.1773 -50.22924,3.0193 -67.09022,1.4858 -29.06223,-2.6433 -51.97609,-9.0103 -76.25418,-21.1887 -25.2541,-12.6679 -42.57805,-27.5335 -54.38466,-46.6671 l -4.13884,-6.7074 -8.08384,0.2193 c -8.88813,0.2411 -27.69618,3.7622 -41.52979,7.7748 -52.54004,15.24 -95.00162,45.8178 -122.76942,88.4098 -8.18545,12.5554 -21.81456,39.0756 -28.70595,55.8575 C 517.7153,1331.7426 509,1373.8031 509,1413.0563 c 0,11.9009 0.28639,15.0046 1.44433,15.6526 0.79438,0.4446 7.20688,0.4443 14.25,-6e-4 25.31511,-1.5991 54.20147,0.7544 72.11665,5.8758 30.28751,8.6581 62.37552,34.8217 75.93619,61.9159 8.24215,16.4678 12.48693,34.7631 12.64483,54.5 0.0908,11.3453 -0.26077,14.7769 -2.20251,21.5 -6.43798,22.2911 -20.92454,44.296 -45.14391,68.5731 -12.71607,12.7464 -73.03181,63.4307 -90.78431,76.2875 -6.87929,4.9822 -11.48299,9.0277 -11.86844,10.4294 -1.57708,5.7351 3.7099,34.5657 9.26568,50.5271 8.00287,22.9916 18.73656,40.2178 35.31935,56.6829 31.27617,31.0542 83.05727,57.9131 138.67748,71.9322 l 14.15534,3.5678 28.14885,42 c 15.48186,23.1 37.15073,55.275 48.15303,71.5 23.36074,34.4499 27.75791,41.9158 48.80573,82.8672 16.65234,32.3993 22.76716,42.9753 31.87679,55.1328 21.4655,28.6474 51.86606,45.503 93.70492,51.9547 9.24574,1.4258 36.8843,0.5159 44,-1.4485 z M 935,881.48467 c -21.89517,-5.36913 -48.24512,-26.89164 -58.43096,-47.72613 -5.60571,-11.46613 -7.05929,-18.35819 -7.01443,-33.25854 0.0501,-16.65345 1.40898,-22.33094 6.43045,-26.86754 12.53374,-11.32348 45.43621,-26.26637 65.39497,-29.69959 11.66794,-2.00706 25.35654,-0.76397 38.02015,3.45269 20.53076,6.83623 40.78922,17.75677 48.54122,26.16665 13.216,14.33771 14.4092,40.74768 2.7761,61.44779 -6.6862,11.89752 -30.3246,31.95506 -47.40827,40.22667 -13.58341,6.57684 -35.45503,9.4101 -48.30923,6.258 z m 290,-159.48823 c -39.9356,-5.43034 -71.1768,-32.26464 -82.1958,-70.60141 -1.9218,-6.6863 -2.2692,-10.26809 -2.2692,-23.39503 0,-13.12694 0.3474,-16.70873 2.2692,-23.39503 7.8122,-27.17963 25.5283,-48.4071 50.8913,-60.97808 14.0391,-6.95837 27.0866,-9.9102 43.8045,-9.9102 16.8473,0 29.77,2.95449 44,10.05961 27.265,13.61359 45.7143,37.22741 51.732,66.21367 2.5386,12.22757 2.0033,30.6622 -1.2179,41.94276 -10.0092,35.05241 -37.9908,60.88494 -74.3244,68.61603 -8.8216,1.87708 -24.4439,2.56892 -32.6897,1.44768 z m 177.1433,857.99846 c 18.0709,-1.1528 28.1798,-3.6369 41.1385,-10.1092 20.252,-10.1149 30.1049,-17.4483 51.5734,-38.3857 42.099,-41.0576 69.9541,-79.5865 86.556,-119.7235 10.0683,-24.3413 10.6482,-45.1428 1.969,-70.6345 -10.1276,-29.746 -37.5383,-73.8172 -69.7306,-112.1135 -22.0241,-26.2001 -55.862,-60.2217 -78.1496,-78.574 -3.85,-3.1702 -12.0199,-10.707 -18.1554,-16.7485 l -11.1553,-10.9846 -10.8447,11.0118 c -11.0078,11.1776 -21.4391,18.9364 -36.9504,27.4839 -9.515,5.2432 -9.5323,5.2903 -9.6317,26.2829 -0.056,11.7672 0.3946,17.1958 2.0896,25.1884 9.6216,45.37 41.0291,87.0887 79.2319,105.244 25.2776,12.0129 56.8017,14.346 82.916,6.1367 3.575,-1.1238 7.0205,-2.0491 7.6567,-2.0562 1.7391,-0.019 7.0315,13.533 9.8465,25.2142 3.0388,12.6099 4.6337,30.7503 3.441,39.1386 -4.2076,29.592 -35.8165,69.3207 -104.4442,131.2742 -24.0259,21.6893 -36.4708,34.5118 -46.7861,48.2055 -12.1881,16.1797 -12.2047,16.1676 19.4294,14.1495 z m -747.97915,-19.464 c 1.5507,-5.5649 1.50669,-17.9233 -0.0874,-24.5309 -3.51716,-14.5792 -16.51987,-35.5994 -30.99335,-50.104 -7.88124,-7.8982 -11.0932,-10.3464 -18.08344,-13.7837 -14.13367,-6.9499 -23.73667,-8.4797 -53.5,-8.523 -31.18605,-0.045 -40.35668,1.4998 -87.82291,14.7965 -35.897,10.0557 -36.37145,10.1266 -67.17709,10.0265 -38.74902,-0.1259 -62.52032,-3.1998 -75.66293,-9.7841 -5.31768,-2.6641 -7.2557,-4.4634 -13.06308,-12.1282 -7.67952,-10.1357 -9.34993,-11.4242 -8.25626,-6.3685 3.58841,16.588 22.85833,31.997 52.38541,41.8895 39.72743,13.3099 85.12149,11.5619 154.88201,-5.9641 58.87952,-14.7923 92.26754,-11.4932 117.1889,11.5796 11.84239,10.9639 21.10789,24.8305 24.63181,36.8635 1.10518,3.7738 1.74984,9.298 1.73751,14.8889 -0.0171,7.7322 0.15717,8.6471 1.33896,7.0309 0.74722,-1.0219 1.86404,-3.6719 2.48182,-5.8889 z m 279.09506,-376.003 c 12.48689,-2.279 20.97265,-5.0777 30.94233,-10.2051 21.15826,-10.8817 37.11866,-27.6893 53.70846,-56.5596 6.6836,-11.6311 9.4753,-18.2967 14.7692,-35.2632 8.9725,-28.7561 28.6391,-103.35332 28.1285,-106.69367 -0.2429,-1.58874 -4.2529,-3.64886 -19.0294,-9.77608 -10.2969,-4.26973 -19.7469,-8.42972 -21,-9.24441 -1.2531,-0.8147 -15.5533,-7.14968 -31.7783,-14.07773 -35.11121,-14.99243 -39.68815,-16.19353 -61.5,-16.1391 -13.35614,0.0333 -17.46579,0.50309 -37.5,4.28657 -43.8679,8.2845 -58.51642,11.33036 -59.86381,12.44749 -2.01803,1.67314 -1.01258,63.47943 1.24235,76.36853 4.19408,23.9733 12.15518,39.8447 29.19492,58.2033 12.61844,13.5951 28.06338,23.1982 42.92654,26.6901 9.15331,2.1504 26.20998,1.4395 35.5,-1.4797 29.0325,-9.1226 51.74146,-32.0064 65.8286,-66.3353 1.6024,-3.9048 2.7655,-3.4189 4.0527,1.6928 3.3832,13.4359 -1.4978,31.1109 -13.69516,49.5929 -12.85942,19.4852 -26.45817,30.7763 -45.00769,37.3703 -14.50974,5.1579 -20.4913,6.0999 -38.17845,6.0125 -14.96118,-0.074 -17.33361,-0.3351 -25.43836,-2.8002 -24.16845,-7.3511 -42.42971,-21.5764 -63.1602,-49.2011 -19.64723,-26.1811 -26.09163,-51.9651 -26.9394,-107.78409 -0.19937,-13.12679 -0.57152,-24.07592 -0.827,-24.33141 -0.42944,-0.42943 -35.33042,4.08665 -40.3657,5.2232 -2.21026,0.49889 -2.22588,0.63364 -1.70877,14.7393 2.46094,67.1282 6.69748,91.6744 22.13279,128.2358 18.33674,43.434 39.42563,65.7736 76.30664,80.8321 9.18206,3.749 25.93175,8.225 36.13991,9.6575 9.00824,1.2642 34.754,0.4301 45.1193,-1.4617 z M 1398.6617,417.75 c 2.154,-2.3375 6.4039,-7.625 9.4444,-11.75 3.0404,-4.125 11.186,-15.15 18.1013,-24.5 22.3532,-30.22306 32.2514,-47.46866 39.0289,-68 6.0328,-18.27527 7.206,-25.73274 7.2366,-46 0.029,-19.55353 -0.8963,-26.28928 -5.6158,-40.85934 -12.7009,-39.21079 -48.981,-71.45131 -99.2081,-88.16196 -22.8273,-7.59467 -30.9018,-8.88366 -55.649,-8.88366 -18.5458,0 -22.9427,0.31006 -32,2.2565 -24.4125,5.24634 -47.7513,15.36112 -71.9002,31.16076 -18.6193,12.1818 -47.8511,34.56977 -46.6742,35.74667 0.2961,0.2961 7.32,3.83063 15.6086,7.85451 l 15.0702,7.31614 9.1978,-8.60772 c 25.9952,-24.3275 48.8943,-36.60544 78.1978,-41.92783 14.0298,-2.54824 48.5074,-2.58115 64,-0.0611 15.3449,2.49604 32.0851,6.96756 41.7262,11.14561 11.256,4.87783 35.5729,21.2969 44.3254,29.92897 3.9552,3.90084 9.6749,10.91744 12.7105,15.59244 6.5423,10.07569 15.4328,27.63842 14.4756,28.59567 -0.371,0.371 -3.8831,-2.76107 -7.8045,-6.96015 -22.1299,-23.69643 -56.7342,-38.61708 -89.5952,-38.6315 -22.2287,-0.01 -49.2458,9.57061 -76.338,27.06973 -14.6502,9.46271 -32,22.16438 -32,23.42699 0,0.62477 4.3875,4.12329 9.75,7.7745 35.5091,24.17732 73.3932,61.81871 98.5897,97.95799 11.8777,17.03617 23.8723,38.61198 31.1413,56.01677 1.5505,3.7125 3.1442,6.75 3.5417,6.75 0.3974,0 2.4849,-1.9125 4.639,-4.25 z M 327.63707,338.31411 C 319.92913,305.85589 316.67032,280.80626 316.60326,253.5 c -0.0461,-18.77423 0.28628,-23.90614 2.26695,-35 6.92335,-38.77824 21.80565,-68.44288 46.33759,-92.364 10.60459,-10.34056 22.17585,-18.31428 37.2922,-25.69797 22.33711,-10.910726 36.19756,-14.384342 60.5,-15.162131 33.21417,-1.063003 69.34092,6.987312 93.5018,20.835501 28.29312,16.21665 54.4041,44.22478 72.9535,78.25411 3.25109,5.96419 5.2701,8.63449 6.52856,8.63449 2.04538,0 30.27536,-6.19954 39.51614,-8.67807 9.54719,-2.56072 9.57105,-2.64969 3.75433,-14.00104 -8.06536,-15.7396 -25.91373,-46.94641 -32.97814,-57.66032 C 634.40481,94.656409 607.80266,70.472597 584.42484,56.431994 568.49253,46.863127 549.75314,40.858928 525,37.391965 c -15.68286,-2.196566 -52.56031,-1.418294 -72.5,1.53006 -31.99012,4.730173 -48.5377,9.373485 -68,19.081048 C 278.79049,125.3194 260.93571,236.13512 320.73417,338.5 c 4.72498,7.3839 8.31837,11.78079 9.039,11.06016 0.23757,-0.23757 -0.72367,-5.2983 -2.1361,-11.24605 z"
       id="path2406"
       inkscape:connector-curvature="0" />
    <path
       sodipodi:nodetypes="csssssssssssssssssssssscccsssscccsssssssscccssssssssscccccccccssssssssssssssssssssssssscccsssssssssssscccsssssssssssssscccssssscccssssssscccssssssssssssssssssssssssssssssssssscccsccsssssssssssssssssscccssssssssssssssssssscccscccsssssssssssssssscccsssscccssssscccsssssssssssssssssssssssssssssssssssssssscccsssssssssssssssssscccssssscccscccscccssssssssscccscccsscccssssssssssssssssssssssssssssssssssssssssssssssscccsssscccssssssssssssssssssssssssssssssssssssssccsscccsssscccsssssssssssssssssssssssssccsssssssscccsssssssssssssscccsssccsssssssssccssssssssssccssssssssssccsssssssssccccsssssssssccssssssssssssssssssssssssssc"
       id="path2384"
       d="m 1127.4015,2995.9426 c -22.5189,-2.0864 -41.8589,-7.8651 -55.0893,-16.4606 -9.0773,-5.8972 -27.7834,-21.1756 -34.7651,-28.3947 -3.9044,-4.0371 -4.0413,-4.0873 -11.1382,-4.0873 -12.4907,0 -34.25938,-7.82 -48.99367,-17.6 -15.89549,-10.5509 -36.05687,-35.8366 -53.34211,-66.9 -5.008,-8.9999 -7.67808,-15.8006 -14.68463,-37.4019 -12.08848,-37.269 -18.18368,-50.5384 -29.41188,-64.0305 -7.16589,-8.6107 -18.22357,-16.8027 -48.00596,-35.5649 -40.77411,-25.6868 -57.20725,-37.9966 -77.0597,-57.7242 -27.22246,-27.0513 -31.76937,-38.977 -30.60738,-80.2772 0.74764,-26.5734 3.97585,-46.0974 12.81449,-77.5013 9.56719,-33.9924 21.2009,-62.5867 46.58487,-114.5 19.52119,-39.9232 27.3724,-57.2435 29.2749,-64.5823 0.62989,-2.4297 3.22397,-9.5927 5.76464,-15.9177 3.85234,-9.5904 4.69362,-12.878 5.06642,-19.7988 0.42783,-7.9423 0.29169,-8.6131 -3.16905,-15.6154 -4.71098,-9.5321 -13.69092,-19.1548 -27.88987,-29.8863 -21.16674,-15.9976 -41.1243,-35.4825 -67.32131,-65.7267 -11.43857,-13.2057 -26.77447,-32.5547 -32.34141,-40.8044 -10.57365,-15.6692 -27.00247,-46.8872 -47.71527,-90.6684 -9.75106,-20.6111 -14.61216,-29.8606 -15.53246,-29.5545 -0.73674,0.245 -15.96452,0.5351 -33.83952,0.6447 -17.875,0.1096 -34.80703,0.2466 -37.62673,0.3045 l -5.12672,0.1053 -2.2432,9.75 c -3.18452,13.8414 -7.68129,25.6748 -11.8144,31.0899 -13.34958,17.4903 -64.39047,77.5107 -85.44845,100.4812 -16.56284,18.0671 -35.05161,39.2884 -45.46007,52.1789 -38.66018,47.8791 -80.65462,123.0636 -103.16183,184.6952 -8.98828,24.6127 -12.15657,37.3605 -27.16612,109.3048 l -4.17255,20 1.18082,14.5 c 0.64944,7.975 1.35645,15.3816 1.57111,16.4592 0.5563,2.7924 -1.30185,26.0001 -2.60542,32.5408 -1.32758,6.6612 -4.16631,11.2255 -11.42349,18.3677 -6.69351,6.5874 -13.48479,10.0459 -18.04632,9.1901 -3.91166,-0.7338 -10.16843,-5.0603 -17.22458,-11.9106 -3.89362,-3.7801 -5.61841,-4.8577 -6.61132,-4.1308 -0.73885,0.541 -3.99327,3.1332 -7.23205,5.7605 -12.93252,10.4908 -23.32753,12.8792 -32.54482,7.4775 -5.62275,-3.2952 -13.49226,-11.7678 -18.33574,-19.741 l -3.63174,-5.9785 -8.68819,7.6011 c -10.84362,9.4868 -17.38246,13.3421 -22.65011,13.3546 -3.58705,0.01 -4.58053,-0.6314 -10.5,-6.7628 -7.50177,-7.7704 -12.80579,-16.2028 -14.64047,-23.2757 -0.70007,-2.6989 -1.80597,-10.4297 -2.457562,-17.1796 -0.651589,-6.7499 -2.479658,-17.6612 -4.062377,-24.2474 -2.754357,-11.4618 -2.878414,-13.0044 -2.895,-36 -0.0095,-13.2138 -0.500514,-28.3001 -1.091072,-33.5251 -1.416129,-12.5293 -1.387264,-69.6322 0.04701,-93 3.186529,-51.9164 11.370731,-116.5866 18.546941,-146.5548 3.9381,-16.4456 11.09862,-41.6997 19.97396,-70.4452 l 6.32951,-20.5 0.51629,-22 c 0.66362,-28.2779 3.75009,-45.8665 12.85151,-73.2359 l 4.09066,-12.3012 -2.08788,-12.7314 C 141.74545,1959.7281 138.58308,1914.5111 136.38995,1797.75 l -0.6715,-35.75 -2.27632,0 c -11.09638,0 -47.934293,-28.8703 -66.751571,-52.3139 C 48.974808,1687.6148 34.627928,1662.3899 20.517114,1628.5033 9.0795936,1601.0365 7.7111531,1593.7613 5.7975377,1550.2477 4.5718446,1522.3768 5.6412337,1471.7019 8.0396774,1444 10.665029,1413.6773 21.416364,1371.3062 38.398257,1324.3566 52.216685,1286.1529 64.885994,1259.0461 86.471759,1221.5 c 26.207911,-45.5858 31.819731,-53.2387 67.394201,-91.9065 8.04872,-8.7486 15.96845,-17.4889 17.5994,-19.423 2.95785,-3.5075 2.95911,-3.5146 0.5,-2.8054 -11.64707,3.3588 -31.05694,7.8439 -43.46536,10.0438 -8.25,1.4626 -16.0125,2.8775 -17.25,3.1442 -1.74046,0.3752 -2.25,0.035 -2.25,-1.4997 0,-4.4296 7.97003,-54.5173 10.66964,-67.0534 3.48752,-16.1949 14.55913,-44.2699 23.18591,-58.79401 C 144.585,990.29429 146,987.5132 146,987.0258 c 0,-0.50459 -1.39948,-0.4829 -3.25,0.0504 C 127.86284,991.36618 94.955166,996 79.376212,996 70.187984,996 42.163528,992.15197 37.045077,990.18753 35.572891,989.62251 38.98891,985.31266 56.216293,966 c 22.759088,-25.51394 31.618802,-36.87432 57.321057,-73.5 29.48133,-42.01086 53.75623,-80.05424 63.48944,-99.5 4.94181,-9.87312 18.23028,-44.62821 23.37195,-61.12774 6.18255,-19.83967 11.4487,-43.46851 16.57532,-74.37226 8.54816,-51.5291 16.76952,-83.98065 33.31453,-131.5 15.59964,-44.80412 32.47662,-80.6337 56.85826,-120.70926 3.94536,-6.48491 8.07738,-13.39189 9.18226,-15.34885 l 2.00887,-3.55812 -8.05516,-9.72623 c -20.36898,-24.59462 -37.52506,-53.60324 -45.10273,-76.26267 -3.71578,-11.11129 -7.57543,-29.05575 -9.799,-45.55802 -2.00756,-14.89914 -2.2525,-44.33306 -0.48131,-57.83685 3.93997,-30.03882 15.63859,-65.46074 29.28938,-88.68445 C 312.12047,60.79678 379.96806,18.6275 445.09617,8.3070874 459.60665,6.00771 512.42282,5.7192862 529,7.8488971 594.61028,16.277612 630.30367,35.818988 664.87343,82.236709 c 21.14648,28.393941 29.06647,42.013931 38.2999,65.864271 2.3207,5.99446 4.6459,10.89902 5.1671,10.89902 0.5212,0 14.04533,-2.00876 30.05361,-4.46392 74.00088,-11.34937 102.37106,-13.62054 171.10596,-13.69789 34.09726,-0.0384 44.50397,0.61464 75.5,4.7376 33.8251,4.49927 63.0126,11.98411 112.568,28.86693 l 27.678,9.42952 8.127,-7.22995 c 38.8569,-34.56794 80.7177,-58.48103 120.1892,-68.65833 12.706,-3.2761 39.1091,-7.36075 58.2831,-9.016601 21.496,-1.85638 49.7577,1.684621 69.6149,8.722281 27.8027,9.85366 57.1268,29.49994 80.5398,53.95925 19.3674,20.23291 31.1335,42.59326 37.183,70.6627 3.2204,14.94215 3.2424,44.46433 0.045,60.3246 -4.2901,21.28122 -13.5534,44.6995 -24.9018,62.95362 -6.218,10.00173 -23.4925,33.77895 -49.4873,68.11583 -10.9114,14.41311 -19.839,26.60119 -19.839,27.08463 0,0.48344 1.7358,5.14499 3.8573,10.35902 8.6678,21.3027 18.5316,53.10052 24.0922,77.66539 8.6119,38.04423 13.9265,89.85425 19.0476,185.68532 3.5872,67.1278 10.158,116.54256 21.351,160.56703 4.9607,19.51149 9.2745,31.71983 17.0406,48.22574 13.8326,29.39975 29.2118,51.72963 51.8368,75.26443 l 10.9572,11.3978 -2.8568,3.4658 c -4.2804,5.1929 -14.474,13.031 -20.9017,16.0717 -8.6342,4.0846 -16.4762,5.035 -30.3465,3.6778 -14.4754,-1.4166 -26.9016,-3.943 -42.5777,-8.6566 -6.6,-1.9846 -12.9112,-3.8452 -14.0249,-4.1346 -1.8915,-0.4915 -2.1018,0.1865 -3.1938,10.2974 -2.1108,19.5439 -8.5336,38.8169 -17.1002,51.3129 l -3.0777,4.4895 7.197,6.5105 c 52.7486,47.7174 94.4287,89.3175 112.9921,112.7748 41.6407,52.6188 68.9234,99.9031 78.0906,135.3406 7.9821,30.8568 4.7605,53.7946 -12.2538,87.2454 -24.9523,49.0574 -70.4814,104.7208 -114.2434,139.6728 -12.642,10.0969 -23.3406,16.4602 -40.3918,24.0242 -51.7258,22.9458 -92.0184,33.9587 -119.4941,32.6604 -29.983,-1.4167 -51.1455,-14.9341 -63.1406,-40.3306 -7.2816,-15.417 -10.3607,-33.9627 -10.3561,-62.377 l 0,-20.5 3.2276,-8 c 9.8551,-24.4273 22.7535,-40.6443 51.7785,-65.1004 10.6967,-9.0129 32.3658,-28.0845 48.9057,-43.0434 3.2552,-2.9439 5.6668,-5.6043 5.3592,-5.912 -0.3077,-0.3076 -4.7886,-1.1946 -9.9577,-1.9712 -14.2391,-2.139 -23.3517,-4.1959 -33.8199,-7.6336 -36.4524,-11.971 -60.9574,-25.1899 -81.1673,-43.7848 -4.2171,-3.88 -8.146,-7.0546 -8.731,-7.0546 -1.8254,0 -2.0174,3.4334 -2.4613,44 -0.4661,42.6073 -0.7432,45.7908 -7.1789,82.5 -8.0145,45.7148 -16.8583,79.3495 -33.2616,126.5 -17.7054,50.8932 -23.906,65.3778 -52.4399,122.5 -42.4752,85.0312 -51.0053,100.3732 -82.9356,149.1669 -8.2031,12.5355 -14.8921,23.9316 -16.4034,27.9468 -4.8909,12.9938 -6.7544,22.9501 -6.8105,36.3863 -0.052,12.4814 -0.033,12.5872 13.0996,71 13.8947,61.8043 20.547,93.7071 24.7642,118.764 1.4129,8.3951 5.9507,32.4701 10.0839,53.5 14.592,74.2448 14.8434,75.9757 14.8476,102.236 0.01,31.5229 -3.1069,55.5856 -10.8169,83.6399 -4.6845,17.0455 -8.9755,28.2056 -20.2568,52.6842 -5.2408,11.3717 -14.6952,32.1509 -21.0098,46.1759 -13.2975,29.5345 -19.3086,41.2403 -29.0136,56.5 -3.8478,6.05 -10.6663,17.5523 -15.15234,25.5606 -7.1747,12.8082 -8.15372,15.1552 -8.1344,19.5 0.0292,6.5718 2.75397,12.2358 8.07881,16.7937 2.40483,2.0584 21.02843,13.244 41.38583,24.8567 52.1522,29.75 72.8954,42.3154 101.7852,61.6572 67.934,45.4821 88.7564,64.3664 115.9216,105.1318 14.9549,22.442 21.2194,37.3002 22.5254,53.4257 0.5069,6.2596 0.9715,7.5201 4.0338,10.9454 7.4195,8.2987 12.2216,22.8152 12.2398,37.0006 0.011,8.6741 -2.761,25.7902 -5.6729,35.026 -6.5803,20.8711 -15.1734,29.9528 -31.8896,33.7027 -4.4603,1.0005 -5.4185,1.6944 -7.9666,5.7685 -1.5931,2.5471 -6.7365,8.4879 -11.4299,13.2018 -11.8407,11.8925 -16.8812,14.2351 -36.9504,17.1727 l -15.4171,2.2566 -3.732,7.3632 c -3.7649,7.4279 -10.8363,15.6373 -16.5157,19.1733 -6.9763,4.3435 -23.1449,6.3766 -39.0167,4.9061 z m -98.3651,-79.1926 c 0.053,-1.833 6.8239,-16.9945 11.8182,-26.4653 6.0885,-11.546 10.8992,-16.6395 20.0302,-21.2081 13.1574,-6.5832 54.9711,-22.1445 68.3575,-25.4398 7.0083,-1.7253 12.7502,-3.5868 12.7599,-4.1368 0.045,-2.575 -24.2463,-24.4854 -36.0172,-32.4866 -16.8067,-11.4243 -31.8007,-26.0982 -35.8178,-35.0532 -3.4227,-7.63 -6.5559,-16.9048 -5.9242,-17.5366 1.032,-1.032 35.0679,15.1551 44.257,21.0481 13.2571,8.5019 52.7944,42.7668 59.4102,51.4876 2.9757,3.9224 5.9007,6.9278 6.5,6.6785 18.8616,-7.8438 22.4414,-8.9615 30.0898,-9.3944 6.2872,-0.3559 9.2826,-0.018 13.9906,1.5779 3.2949,1.1169 6.1334,1.8881 6.3078,1.7137 0.6368,-0.6369 -11.1558,-30.2484 -14.9482,-37.535 -2.1468,-4.125 -7.7846,-12.4409 -12.5282,-18.4798 -5.5468,-7.0612 -9.6446,-13.4524 -11.482,-17.9081 -1.5713,-3.8106 -2.7076,-7.0778 -2.5251,-7.2603 0.637,-0.637 16.744,7.6137 22.5169,11.534 11.7123,7.9537 20.3539,20.2721 35.2469,50.244 l 7.2695,14.6299 7.5759,-3.6649 c 4.1667,-2.0157 8.0819,-3.9783 8.7003,-4.3612 3.1234,-1.9344 -4.4865,-21.5614 -14.0879,-36.335 -18.6382,-28.6782 -49.1925,-56.2378 -97.3908,-87.8452 -24.4804,-16.0537 -67.2253,-42.6722 -89.1457,-55.5136 -9.625,-5.6386 -27.625,-16.4475 -40,-24.0199 -12.375,-7.5724 -25.2,-15.2505 -28.5,-17.0624 -25.04646,-13.7525 -34.3296,-28.5721 -31.35296,-50.052 1.41672,-10.2232 4.23761,-17.0474 15.9433,-38.5697 15.66408,-28.8002 59.00716,-115.5086 63.65146,-127.3358 11.0058,-28.027 19.9435,-67.8642 22.4354,-100 1.2621,-16.2755 0.7881,-21.4406 -5.7816,-63 -12.8532,-81.3077 -26.0583,-146.8531 -37.8754,-188 -13.9995,-48.7461 -18.5249,-74.4844 -18.5143,-105.3012 0.012,-35.2741 4.9706,-52.2932 23.6973,-81.3358 82.0948,-127.3179 142.7669,-263.9725 160.3021,-361.0559 6.7739,-37.5033 12.1459,-79.9432 16.4943,-130.3071 1.4009,-16.225 2.9988,-33.325 3.551,-38 1.8156,-15.3702 11.9906,-90.4446 12.6046,-93 0.5411,-2.2519 0.884,-1.9024 3.4555,3.5227 5.8039,12.2441 9.6725,33.4698 10.7286,58.8631 l 0.6607,15.8858 10.1139,7.2882 c 26.9979,19.4551 61.5946,38.7292 80.3861,44.7837 10.3035,3.3198 34.8211,8.6417 56.5,12.2642 l 16,2.6736 19,-11.5215 c 19.8218,-12.0198 29.5554,-16.7481 38.3677,-18.638 6.2889,-1.3487 8.1323,-1.4059 8.1323,-0.2524 0,2.442 -9.4537,12.0897 -22.2119,22.6678 -22.7972,18.9015 -35.9368,30.668 -56.7811,50.8475 -10.7289,10.3866 -27.607,26.1171 -37.507,34.9567 -31.0466,27.7212 -38.2614,34.6233 -43.8984,41.9955 -13.31,17.407 -18.3738,36.9318 -15.6036,60.1631 3.6111,30.2828 14.2418,50.7206 30.22,58.0991 5.7462,2.6535 7.2202,2.8984 17.282,2.8715 10.2869,-0.028 12.1669,-0.371 29,-5.2984 51.7755,-15.1555 83.1177,-28.0789 103.1317,-42.5247 27.4335,-19.8009 71.9678,-68.9361 93.427,-103.079 6.9183,-11.0073 17.2947,-31.3713 21.9266,-43.0315 9.3979,-23.6578 9.826,-44.3681 1.4344,-69.395 -3.861,-11.515 -18.2155,-39.874 -28.1644,-55.642 -29.4792,-46.7218 -74.2645,-97.0855 -122.3085,-137.5432 -6.3543,-5.3509 -15.2577,-13.6884 -19.7855,-18.5277 l -8.2322,-8.7988 -3.1202,3.9348 c -6.6021,8.326 -18.9221,19.3973 -29.3941,26.415 -10.5782,7.0889 -21.5895,13.0175 -24.1805,13.0191 -1.2826,8e-4 -12.356,-16.3972 -16.3202,-24.1676 -5.4133,-10.6109 -6.117,-14.3027 -6.9252,-36.3316 -0.7685,-20.9472 -1.3492,-24.6898 -5.2503,-33.8419 l -2.0639,-4.8419 -3.162,8.8419 c -7.6562,21.4092 -20.6578,42.6915 -34.4302,56.359 -4.7204,4.6844 -15.3325,13.7126 -23.5825,20.0626 -15.829,12.1837 -38.8293,28.9203 -39.7437,28.9203 -0.8759,0 -12.5693,-27.0715 -15.7213,-36.3966 -4.6604,-13.7871 -7.0876,-28.624 -8.6058,-52.6034 -0.698,-11.0256 0.016,-17.9034 3.7128,-35.7637 l 2.1245,-10.2637 2.39,3.2395 c 3.6379,4.9309 11.9335,21.601 13.8282,27.7879 1.0153,3.3152 2.0193,11.6572 2.5276,21 0.4638,8.525 1.571,18.9975 2.4605,23.2722 1.7821,8.5644 4.9177,16.7278 6.4252,16.7278 3.0471,0 33.5131,-27.1685 40.6267,-36.2295 9.6969,-12.3514 24.0309,-43.7706 26.5307,-58.1537 1.2281,-7.066 0.7433,-17.7929 -1.2173,-26.9358 -0.5684,-2.6505 -0.7978,-5.0546 -0.5099,-5.3425 0.8984,-0.8984 11.811,2.6638 20.1718,6.5847 12.3092,5.7724 26.893,20.0253 33.1748,32.4218 5.1587,10.1802 5.5455,12.2618 6.3458,34.155 0.4222,11.55 1.3347,23.25 2.0277,26 1.5523,6.1602 5.3461,15.0077 6.8279,15.9235 1.479,0.914 9.9323,-7.1251 17.7955,-16.9235 11.0203,-13.7326 23.61,-42.1235 27.715,-62.5 2.8162,-13.9787 3.8166,-25.4475 3.8207,-43.7981 0,-10.06392 0.294,-18.15918 0.6484,-17.98944 0.3543,0.16973 5.5942,2.8309 11.6442,5.91371 17.142,8.73478 26.8038,12.17723 58.4591,20.82873 16.1902,4.4248 29.8791,8.0451 30.4198,8.0451 0.5407,0 -2.8392,-3.9375 -7.5107,-8.75 -14.1452,-14.57186 -26.2951,-31.11979 -33.7316,-45.94168 -8.1097,-16.1637 -21.788,-63.52058 -29.593,-102.45637 -3.6103,-18.01049 -3.9271,-21.14466 -8.0713,-79.85195 -5.9294,-83.99747 -11.1997,-147.08491 -14.0176,-167.79715 -2.7485,-20.20194 -9.9655,-52.97046 -18.4348,-83.70285 -18.4102,-66.80467 -41.4096,-118.05465 -70.1391,-156.29195 -34.2454,-45.57872 -96.2127,-98.0266 -156.7314,-132.6545 C 1136.252,219.44148 1114.7523,210.70484 1051,190.91699 961.40297,163.10727 901.97904,159.05389 789.5,173.07976 c -23.30113,2.9056 -34.6052,4.97877 -67.24068,12.33195 C 706.17695,189.03527 692.43288,192 691.71694,192 c -0.71593,0 -3.05831,-3.9375 -5.20528,-8.75 -7.49714,-16.80509 -32.87422,-61.99723 -41.97684,-74.7534 C 627.55903,84.707161 589.71733,54.880399 565.28824,46.034585 541.63048,37.468068 521.22587,34.583922 489.5,35.322084 428.64067,36.738091 387.2899,49.425637 353.41317,77.077244 331.9801,94.571813 310.21302,122.35588 301.59578,143.21833 c -3.54146,8.5739 -9.9567,36.56724 -13.24184,57.78167 -2.4639,15.9111 -2.43913,45.71336 0.0494,59.5 6.02162,33.35956 23.88055,71.66772 45.7189,98.06895 l 5.99503,7.24763 8.57287,-3.96068 c 10.57982,-4.88789 31.79448,-13.46062 35.70896,-14.42979 3.56359,-0.8823 4.11408,-1.83922 -9.23821,16.05878 -10.46158,14.02318 -13.83958,19.07338 -38.80534,58.01511 -27.45442,42.82354 -37.21999,62.54593 -51.00058,103 -14.34371,42.10712 -27.02147,91.66815 -37.85855,148 -13.10279,68.10911 -32.72192,121.80686 -61.04126,167.0705 -22.06168,35.26183 -71.14054,104.06232 -84.42301,118.34716 -2.746822,2.95412 -3.721667,4.65623 -2.942533,5.13776 3.207103,1.98209 33.484163,-4.32412 82.004783,-17.08025 12.72287,-3.34486 23.37127,-5.84278 23.66311,-5.55095 0.78006,0.78006 -7.41858,22.85676 -11.77586,31.70916 -2.06649,4.19836 -5.5534,10.72336 -7.74868,14.5 -9.26633,15.94132 -17.85286,35.35632 -25.37106,57.36662 -5.41747,15.8602 -11.19874,36.9966 -10.35121,37.8441 0.73903,0.739 16.24984,-2.2782 32.88216,-6.3963 17.6175,-4.3621 32.56252,-10.2882 54.43865,-21.5862 15.05226,-7.7738 17.23766,-8.6492 16.61749,-6.6563 -1.45865,4.6874 -10.86407,22.5696 -16.19687,30.7947 -7.6824,11.849 -11.95361,16.708 -20.71114,23.5615 l -7.58842,5.9385 5.27369,0.8322 c 7.00336,1.1053 23.23912,0.1362 28.40554,-1.6953 4.85353,-1.7207 27.24644,-14.2104 35.86815,-20.0057 3.3,-2.2182 11.58245,-8.4832 18.40544,-13.9224 13.07963,-10.4269 17.92956,-13.3698 20.44335,-12.4052 0.96236,0.3693 4.17916,8.811 8.66508,22.7395 6.87769,21.3547 13.99615,37.7185 19.27383,44.3065 l 2.28283,2.8495 15.59358,-18.887 c 8.57648,-10.3879 20.03561,-23.106 25.46474,-28.2625 11.65308,-11.0677 27.95374,-24.2858 33.33497,-27.0311 l 3.81988,-1.9488 2.13313,4.9586 c 1.17322,2.7272 5.04887,13.5879 8.61255,24.1348 6.26037,18.5279 8.50563,23.5129 14.67864,32.5901 l 2.89241,4.2531 5.69979,-3.8924 c 9.38745,-6.4108 13.72734,-10.2026 21.39929,-18.6969 4.01527,-4.4456 10.8373,-11.1778 15.16007,-14.9604 7.16682,-6.2712 7.97242,-6.723 9.13983,-5.1265 3.61895,4.9492 2.50658,19.0989 -2.20301,28.0229 -5.00935,9.492 -30.9069,33.3755 -42.63328,39.3177 -7.26059,3.6792 -17.29327,7.3293 -20.14548,7.3293 -5.56145,0 -12.37061,-12.2663 -20.19195,-36.3746 -2.65413,-8.181 -5.42156,-15.1045 -6.14983,-15.3854 -1.76549,-0.6811 -8.97215,6.4231 -16.49448,16.26 -8.48493,11.0957 -38.61742,42.5783 -47.64887,49.7838 l -7.46749,5.9577 -2.53251,-2.9644 c -1.39288,-1.6305 -5.81344,-6.6586 -9.82346,-11.1736 -14.20842,-15.9977 -20.03246,-25.6615 -27.67489,-45.9205 l -2.76025,-7.3171 -8.13695,7.9103 c -14.10173,13.709 -24.79422,20.6324 -36.70836,23.7688 -5.21145,1.372 -10.49926,1.658 -27.9286,1.5111 -11.825,-0.1 -25.325,-0.7216 -30,-1.3821 l -8.5,-1.2008 -5.80083,7.0134 c -29.86127,36.1034 -65.45304,85.4123 -77.17941,106.9247 -16.291189,29.8865 -40.114829,90.3854 -50.482661,128.198 -8.997644,32.8153 -11.744273,49.2843 -15.65874,93.8907 -3.658356,41.688 -3.890822,81.1426 -0.5965,101.2396 5.047603,30.7929 9.858433,43.6497 30.344819,81.0953 26.76857,48.9284 48.826442,69.4642 90.329922,84.0969 40.9953,14.4535 133.18224,18.2228 208.0434,8.5064 40.90632,-5.3093 78.14362,-14.3807 106.63877,-25.9783 22.0736,-8.984 33.17105,-15.4224 66.86123,-38.7909 39.07489,-27.1033 58.58316,-43.4763 75.32815,-63.2216 27.82613,-32.8118 34.25536,-42.2165 38.20812,-55.8906 2.0895,-7.2284 2.33093,-19.1215 0.53911,-26.5568 -4.13552,-17.1607 -23.63969,-46.4477 -38.33968,-57.57 -15.11458,-11.4361 -28.79435,-15.1868 -58.7357,-16.1043 -29.60868,-0.9072 -47.97268,1.9895 -92.80966,14.64 -39.54481,11.1574 -51.56308,12.4894 -91.38041,10.1283 -35.14726,-2.0841 -51.48486,-6.0079 -59.85212,-14.3747 -4.71223,-4.7119 -12.52186,-16.9482 -15.00628,-23.512 -6.92368,-18.2925 -6.5652,-44.7578 1.11696,-82.4622 1.65344,-8.1151 4.7323,-20.0401 6.84192,-26.5 2.10961,-6.4598 4.86706,-16.0201 6.12767,-21.2451 2.73016,-11.3161 4.51096,-15.8897 6.48118,-16.6458 4.29697,-1.6489 19.38943,12.3048 21.2539,19.6502 0.94025,3.7043 0.56948,5.8324 -3.4537,19.8227 -9.1916,31.9632 -15.04411,62.4922 -14.02746,73.1729 0.28851,3.0311 2.18462,9.4366 4.22396,14.2696 6.26079,14.8372 14.65498,21.2854 31.7614,24.3984 19.52069,3.5523 57.75602,-1.6266 115.72264,-15.6744 30.48198,-7.387 37.6823,-8.2865 67,-8.3694 44.36397,-0.1254 67.76554,6.3952 94,26.1922 26.24592,19.8055 39.59883,40.4893 46.12639,71.4499 3.14627,14.923 3.1879,34.3725 0.0968,45.2337 -6.86758,24.1308 -27.27882,52.9978 -54.9884,77.7682 -18.05644,16.1413 -65.11557,54.915 -80.728,66.5148 -42.51746,31.5898 -85.14547,49.8813 -143.50682,61.578 -42.66344,8.5505 -99.65211,12.7869 -144.28801,10.7259 -34.71945,-1.6031 -74.98286,-7.0024 -87.10732,-11.681 -1.85367,-0.7153 -1.88241,1.0137 -1.30752,78.6813 0.81601,110.2429 3.10423,152.1668 10.24971,187.7912 3.67202,18.3072 11.38544,43.1063 18.23345,58.6216 3.85813,8.7413 14.36702,28.7018 16.46534,31.2742 0.57164,0.7008 0.79935,1.5141 0.50602,1.8075 -0.29334,0.2933 -7.68449,-6.5801 -16.42478,-15.2742 -14.49004,-14.4135 -16.28542,-16.5952 -20.35916,-24.7401 -2.45725,-4.9129 -4.91773,-8.8321 -5.46773,-8.7093 -2.21945,0.4955 -5.801,15.6382 -7.59147,32.0965 -0.78587,7.2237 -0.78962,12.8326 -0.0134,19.9681 1.14059,10.4844 7.45736,36.816 11.05365,46.0773 l 2.13572,5.5 -11.92714,-12.5 c -6.55993,-6.875 -12.1575,-12.275 -12.43904,-12 -0.8207,0.8016 -16.27871,68.6046 -20.63257,90.5 -12.10405,60.8707 -18.11634,138.2111 -18.0352,232 0.04,46.1803 0.11244,46.914 5.30836,53.7262 4.5543,5.971 10.11461,9.195 15.93082,9.2371 l 5.06664,0.037 1.71879,-9.5 c 1.90841,-10.548 3.24595,-14.5898 5.7444,-17.3585 2.20359,-2.4419 14.54784,-8.6415 17.20646,-8.6415 2.90163,0 4.71356,4.8739 5.98523,16.0996 1.73625,15.3269 3.28791,16.775 18.89584,17.6351 11.99229,0.6608 13.44085,0.01 15.48694,-6.9814 2.23858,-7.6467 4.02321,-9.7533 8.26263,-9.7533 4.09076,0 7.9148,3.4416 12.8433,11.559 3.71979,6.1265 6.15666,6.6048 14.52283,2.8503 10.16192,-4.5604 10.4069,-5.1141 11.80239,-26.6764 1.7529,-27.0848 5.39312,-52.5991 10.16304,-71.2329 2.01772,-7.8823 9.27568,-32.1714 19.27355,-64.5 10.68539,-34.5517 21.44267,-61.4173 36.23724,-90.5 23.52183,-46.2385 48.9761,-81.1842 97.6331,-134.0386 24.59034,-26.7117 58.384,-65.5573 94.06594,-108.1282 7.05449,-8.4165 11.76855,-22.1725 11.79436,-34.417 0.008,-3.8841 0.60565,-3.4743 -27.99245,-19.1984 -7.94782,-4.3699 -13.72556,-10.1887 -18.43303,-18.5639 -1.96183,-3.4903 -3.56697,-6.486 -3.56697,-6.657 0,-0.171 5.55569,2.9312 12.34598,6.8939 19.67694,11.483 30.4996,15.2332 53.65402,18.5917 30.4235,4.4128 55.17392,3.6874 89.5,-2.6231 10.45,-1.9212 20.0434,-3.5754 21.31866,-3.6762 2.10538,-0.1663 2.94481,1.3805 9.12599,16.8168 13.93542,34.801 30.63107,69.5255 47.95426,99.7379 12.94152,22.5705 17.02153,28.2564 37.32068,52.01 22.96351,26.8713 45.09935,49.077 64.28041,64.4834 24.30699,19.5236 39.24338,35.5827 42.50762,45.7027 2.55851,7.932 -0.55958,31.9097 -6.83577,52.566 -4.78068,15.7343 -9.46149,27.2456 -30.72052,75.55 -45.61188,103.6385 -60.66492,145.0513 -62.13813,170.95 -0.71545,12.5774 1.11353,34.9037 3.69983,45.1638 5.31369,21.08 19.80084,40.1412 44.49158,58.5389 4.94747,3.6865 20.02039,13.5605 33.49539,21.9423 57.77035,35.9348 71.64424,46.7211 78.55126,61.07 1.9287,4.0067 6.46313,16.51 10.0765,27.785 10.48045,32.7028 26.53207,69.6164 36.65275,84.2898 12.04826,17.468 32.37292,39.8316 38.54376,42.4104 3.62515,1.5149 24.55125,5.9984 28.92575,6.1974 1.2375,0.056 2.2664,-0.4601 2.2864,-1.1476 z M 899.5,1212.959 c -31.42232,-3.484 -75.90315,-19.099 -95.5,-33.5252 -32.79099,-24.139 -61.61008,-75.0072 -71.91363,-126.9338 -4.97458,-25.0702 -8.03649,-59.02875 -8.07185,-89.52164 L 724,950.45672 713.62862,947.18159 c -20.27245,-6.40173 -41.1215,-18.57379 -52.76908,-30.80758 -10.25072,-10.76663 -22.78588,-31.5767 -27.66123,-45.92142 -5.90552,-17.37579 -6.79449,-39.5885 -2.21925,-55.45259 5.00416,-17.35136 14.95091,-33.8438 29.4698,-48.86311 23.4422,-24.25018 48.39155,-35.6465 80.55114,-36.79403 l 13.5,-0.48171 -8.74793,4.49334 c -16.43101,8.43973 -41.11497,25.72599 -54.71308,38.31575 -15.12871,14.00687 -27.86759,34.0624 -31.65089,49.82976 -2.1926,9.13791 -2.1926,24.86209 0,34 3.64839,15.2051 15.5188,34.34027 27.18249,43.8183 16.79143,13.6449 36.49918,20.10112 65.92941,21.59834 21.76627,1.10733 38.56409,-0.87416 85,-10.0267 55.96986,-11.03169 94.77995,-15.59301 111.0075,-13.04664 16.98808,2.6657 44.73396,12.6245 75.2091,26.99469 30.219,14.24943 45.7125,19.37551 63.7843,21.10335 18.6788,1.78585 33.1116,-1.56383 50.4991,-11.72017 23.7073,-13.84791 36.4035,-26.86553 47.0908,-48.283 6.7498,-13.52662 8.0937,-18.26564 8.632,-30.43817 0.593,-13.40993 -0.8852,-20.0946 -7.2973,-33 -8.7996,-17.71093 -17.7846,-27.16933 -41.5616,-43.75141 -6.5052,-4.53673 -16.845,-11.28609 -22.9773,-14.99859 -12.4813,-7.55615 -12.1667,-8.0891 3.069,-5.19893 18.0335,3.42089 37.2197,11.60412 54.5866,23.28206 15.4021,10.35674 20.7834,16.78234 30.7079,36.66687 16.4907,33.04034 13.8361,64.82654 -8.2626,98.93986 -7.7667,11.98925 -15.3749,19.05479 -33.4875,31.09924 -27.5589,18.32597 -42.5695,25.35703 -63.1652,29.58697 -5.9592,1.22389 -10.979,2.32788 -11.1552,2.45332 -0.1762,0.12544 -3.1827,10.73389 -6.6811,23.57431 -21.5022,78.922 -34.3918,114.5001 -49.9164,137.7804 -19.6012,29.3932 -51.77326,54.7974 -82.38358,65.0528 -15.97642,5.3526 -39.01104,7.8224 -55.69852,5.9721 z m 33.21405,-27.3596 c 38.13885,-6.9335 62.31481,-26.1212 86.78595,-68.8793 7.4171,-12.9598 11.8206,-24.9232 20.9648,-56.9572 5.1026,-17.8754 21.2318,-80.01813 21.7161,-83.66769 0.2862,-2.15696 -0.5569,-2.76884 -8.1809,-5.93719 -4.675,-1.94283 -27.4,-11.57813 -50.5,-21.4118 -24.32069,-10.35331 -45.57796,-18.7779 -50.5,-20.01393 -6.95299,-1.74605 -11.50302,-2.13671 -25,-2.14649 -16.11136,-0.0117 -17.25372,0.13323 -48.5,6.15216 -17.6,3.39026 -36.05,6.97365 -41,7.96308 l -9,1.79896 0.0162,33.5 c 0.0176,36.4134 0.96672,45.9978 6.12727,61.8761 6.2614,19.2653 24.22516,43.0197 41.48762,54.8611 28.03915,19.2338 61.20827,17.4918 90.74641,-4.7658 15.25458,-11.4947 31.34357,-33.6137 36.1665,-49.7214 0.6999,-2.3375 1.6065,-4.25 2.0145,-4.25 1.5648,0 3.193,10.4601 2.6452,16.9937 -1.0906,13.0089 -6.771,26.4312 -17.48094,41.306 -11.45097,15.904 -24.76651,26.3199 -41.04432,32.1063 -14.50974,5.1579 -20.4913,6.0999 -38.17845,6.0125 -14.96118,-0.074 -17.33361,-0.3351 -25.43836,-2.8002 -19.88962,-6.0497 -36.30031,-17.3334 -52.11698,-35.835 -26.58469,-31.0974 -33.2328,-49.619 -36.53395,-101.7833 -0.64391,-10.175 -0.93964,-24.2375 -0.65717,-31.25 0.46599,-11.56858 0.35494,-12.75 -1.1985,-12.75 -1.9954,0 -37.25899,4.77893 -41.27251,5.59325 l -2.71746,0.55137 0.50848,14.67769 c 2.28994,66.10059 6.55704,91.29329 21.6259,127.67769 14.33441,34.6111 32.31681,57.9121 55.03287,71.3098 20.82471,12.2821 36.01644,17.5452 62.26768,21.5722 5.74649,0.8815 33.05726,-0.2997 41.21405,-1.7826 z m 5.58445,-303.66032 c -14.07866,-2.45945 -31.66732,-13.01 -46.39154,-27.82796 -8.14759,-8.19946 -10.29458,-11.0823 -14.24894,-19.13261 -6.35563,-12.93882 -7.9931,-19.93903 -7.94815,-33.97851 0.0522,-16.29216 1.52601,-22.55012 6.40918,-27.21355 8.10209,-7.7375 31.44022,-19.69928 49.88095,-25.5661 12.82697,-4.08084 23.33232,-5.6351 33.32262,-4.93008 19.31791,1.36329 59.33238,19.23368 69.20278,30.90582 11.8807,14.0495 13.1206,38.99837 2.9222,58.80391 -6.6517,12.91787 -27.9439,31.62079 -46.92211,41.21618 -12.25165,6.19442 -34.09089,9.84299 -46.22699,7.7229 z m 284.1436,-161.38924 c -37.987,-5.90357 -67.9317,-32.08499 -78.4799,-68.61711 -3.0757,-10.65217 -3.7809,-29.78632 -1.5106,-40.99043 5.7877,-28.56368 23.6243,-52.08897 49.5395,-65.33947 15.4275,-7.88815 27.9605,-10.88614 45.5089,-10.88614 17.5484,0 30.0814,2.99799 45.5089,10.88614 23.1807,11.85234 41.0529,33.69994 48.1801,58.89717 1.9019,6.72389 2.2667,10.47246 2.2869,23.5 0.021,13.22641 -0.3113,16.65807 -2.2626,23.39503 -6.6408,22.92742 -20.1833,41.47314 -39.4287,53.99506 -12.6848,8.25332 -24.7811,12.85917 -39.7846,15.14853 -11.2253,1.71285 -18.5906,1.71564 -29.5579,0.0112 z M 659.33414,655.58686 c -19.51381,-3.72475 -36.2407,-12.01975 -49.7827,-24.68763 -27.43885,-25.66769 -36.99692,-62.56995 -25.16048,-97.14084 4.58863,-13.40213 11.38236,-24.35153 21.60904,-34.82716 13.2036,-13.525 27.3589,-21.74239 45.98852,-26.6971 8.09373,-2.1526 11.6728,-2.52966 24.01148,-2.52966 12.37811,0 15.9076,0.37417 24.11888,2.5569 19.15768,5.09252 33.99607,13.81635 47.16699,27.73055 11.9397,12.61351 19.2323,25.90643 23.40064,42.65465 2.3426,9.41249 2.34143,31.29883 -0.002,40.71624 -10.57941,42.51159 -47.15088,71.70094 -91.68433,73.17743 -8.10414,0.26869 -15.02001,-0.0666 -19.66586,-0.95338 z M 394.25761,320.2439 C 376.50396,300.91788 370.18338,291.02773 362.58367,270.68203 341.6595,214.6645 349.47322,164.00562 384.36654,129.45668 394.70556,119.2197 404.94626,112.08402 419.5,104.97581 c 20.90925,-10.212319 36.68816,-13.94723 62.04171,-14.685451 28.15238,-0.819715 47.12263,2.874855 67.95829,13.235281 24.96571,12.41408 46.41406,31.91207 65.9735,59.97436 6.43702,9.23531 16.5265,26.49331 16.5265,28.26851 0,0.54697 -14.5125,6.73836 -32.25,13.75863 -42.3269,16.75243 -63.64837,27.48995 -102.75,51.74503 -37.24579,23.10388 -50.39286,33.16019 -87.14563,66.65848 l -6.64563,6.05715 -8.95113,-9.7439 z M 410.5,285.87391 c 12.4369,-16.90926 64.34488,-52.12743 119.5,-81.07753 20.9641,-11.00375 60.68957,-29.04913 77.31767,-35.12173 1.6229,-0.59269 1.36788,-1.30504 -2.38006,-6.64808 -5.24682,-7.47986 -20.49437,-22.31107 -28.43761,-27.6611 -14.48595,-9.75677 -27.83373,-15.38387 -45,-18.97092 -13.98486,-2.92225 -37.18486,-2.53372 -53.5,0.89599 -47.66949,10.02089 -77.85498,30.03706 -89.09248,59.07774 -10.54721,27.25678 -9.09957,58.26716 4.15575,89.02185 3.70644,8.5996 12.7625,24.63441 13.88569,24.58623 0.30307,-0.013 1.90104,-1.8591 3.55104,-4.10245 z M 1400.6995,415.75 c 3.2828,-3.9875 8.6009,-10.85 11.8181,-15.25 3.2172,-4.4 10.3457,-14.04131 15.8411,-21.42514 24.5432,-32.97716 37.904,-59.15781 43.1614,-84.57486 2.2218,-10.74123 3.0409,-33.78366 1.5875,-44.65619 -5.0232,-37.57715 -24.3121,-67.04349 -59.1076,-90.29456 -17.9315,-11.98221 -46.5657,-23.73858 -69.5,-28.53467 -13.0148,-2.72169 -37.6504,-3.73179 -51.0889,-2.09471 -31.6049,3.85012 -56.6871,13.92497 -89.9111,36.11484 -15.4688,10.33139 -45.4497,33.50639 -44.3917,34.31443 0.2155,0.16452 2.8667,1.32945 5.8917,2.58873 12.1133,5.04266 31.6162,15.63445 44.4737,24.15313 7.8244,5.18405 14.0712,8.69026 14.7431,8.27502 0.6412,-0.39629 6.5922,-5.1695 13.2245,-10.60714 27.6213,-22.64601 53.617,-36.97078 82.1393,-45.26238 25.3155,-7.35936 53.393,-3.68283 86.6113,11.34112 14.2032,6.42381 23.9372,14.51066 33.3982,27.74671 4.0628,5.68393 17.4099,30.1413 17.4099,31.90213 0,0.43731 -1.8967,-1.40574 -4.2149,-4.09567 -17.9891,-20.87408 -41.7226,-34.39201 -71.0967,-40.49476 -11.8034,-2.45227 -28.7566,-2.88432 -38.6109,-0.984 -18.6097,3.58874 -40.9878,13.37584 -61.9899,27.11137 -14.43,9.43728 -31.1038,21.63992 -31.0511,22.72458 0.02,0.41361 2.1576,2.09603 4.75,3.73871 26.558,16.82836 66.1701,53.18309 89.4783,82.1202 18.071,22.43516 37.4934,54.67229 46.7789,77.64311 1.2784,3.1625 2.631,5.75 3.0058,5.75 0.3748,0 3.3673,-3.2625 6.65,-7.25 z"
       style="fill:#000000;fill-opacity:1"
       inkscape:connector-curvature="0" />
    <path
       id="rect2419"
       d="m 506.46875,116.125 c -10.33716,0.14552 -21.36122,1.1315 -29.46875,2.84375 -23.02299,4.86228 -48.2793,15.39266 -62.25,25.96875 -18.86107,14.2782 -29.03314,34.82007 -31.28125,63.0625 -1.26759,15.92434 2.6628,36.93651 10.40625,55.46875 3.72371,8.91188 11.65076,23.53125 12.75,23.53125 0.2922,0 3.51646,-3.084 7.1875,-6.84375 C 441.9949,251.29277 518.37735,205.38932 585,177.25 c 9.075,-3.83298 17.5125,-7.30009 18.75,-7.6875 1.2375,-0.38741 2.25,-1.17325 2.25,-1.75 0,-3.74985 -19.88441,-24.26399 -30.5,-31.46875 -13.77026,-9.34582 -30.38053,-15.92223 -47.875,-18.96875 -5.49997,-0.95778 -13.11624,-1.36318 -21.15625,-1.25 z"
       style="fill:#c9985e;fill-opacity:1;stroke:none"
       inkscape:connector-curvature="0" />
    <path
       id="rect2421"
       d="m 1359.4062,204.15625 c -5.2088,-0.0178 -10.2389,0.36062 -14.9687,1.1875 -18.2965,3.19865 -39.5044,12.13468 -59.9687,25.21875 -12.4597,7.96619 -32.7698,22.48016 -32.2188,23.03125 0.1879,0.18783 5.5727,4.06687 11.9688,8.625 17.0921,12.18072 31.3171,24.23185 49.1562,41.71875 35.1769,34.48236 60.3589,69.88557 77.4688,108.875 1.7675,4.02801 3.6071,7.17801 4.0937,7 0.4866,-0.17802 3.4226,-3.41653 6.5313,-7.21875 3.1086,-3.80222 7.7519,-9.87722 10.3124,-13.5 2.5607,-3.62278 8.549,-11.76875 13.3126,-18.09375 19.8321,-26.33301 33.4044,-49.81885 37.3437,-64.6875 5.8259,-21.98885 2.6114,-52.28637 -6.9063,-65.125 -5.6579,-7.63206 -19.5287,-20.72645 -27.5312,-26 -20.0319,-13.2009 -46.022,-20.95408 -68.5938,-21.03125 z"
       style="fill:#c9985e;fill-opacity:1;stroke:none"
       inkscape:connector-curvature="0" />
    <path
       id="path2426"
       d="m 1270.9375,2834 c -2.4123,0 -13.0816,5.2708 -14.75,7.2812 -0.9312,1.1219 -0.7494,2.6881 0.8437,7.3126 5.1475,14.9412 5.9384,22.3234 4.5,42.6562 -0.8472,11.976 -0.7732,12.1318 5.75,9.4062 4.3834,-1.8315 8.5371,-9.6877 10.2813,-19.4687 3.5836,-20.0961 -0.2256,-47.1875 -6.625,-47.1875 z m -57.2813,12.625 c -4.5588,0.1446 -6.7919,1.059 -16.0312,5.6562 -6.3085,3.139 -12.1527,6.4027 -12.9688,7.2188 -1.3116,1.3118 -1.1126,2.3769 1.8126,9.3125 1.8198,4.3148 4.9931,13.0005 7.0312,19.2813 3.1192,9.6119 3.8246,13.4971 4.5312,24.6874 0.7588,12.0167 0.257,20.5797 -1.5624,26.3126 -0.8185,2.5786 2.3812,2.5361 14.3437,-0.2188 13.2352,-3.0479 15.6205,-5.7975 23.5937,-27.1562 5.435,-14.5593 6.9084,-23.0476 6.375,-36.6876 -0.4935,-12.6257 -1.7437,-16.7638 -6.4062,-21.4374 -4.569,-4.5799 -10.9134,-6.9435 -18.5938,-6.9688 -0.7721,0 -1.4737,-0.021 -2.125,0 z m -61.0312,20.75 c -2.6443,0.051 -7.7799,1.4211 -18.8125,4.1562 -22.0285,5.4612 -51.8113,17.5548 -59.875,24.3126 -2.4636,2.0646 -5.8229,7.442 -10.9687,17.5624 l -7.4063,14.5938 6.4687,6.5625 c 13.9107,14.1083 29.7228,25.3904 39.9688,28.5 10.2783,3.1193 17.4195,3.8462 33.75,3.5 12.2499,-0.2596 15.7334,-0.6377 17.8125,-2 7.2878,-4.775 12.0829,-27.5526 11.1563,-53.0625 -0.4754,-13.086 -3.7859,-29.0932 -8.3126,-40.4062 -1.0007,-2.501 -1.1369,-3.7702 -3.7812,-3.7188 z"
       style="fill:#96918e;fill-opacity:1;fill-rule:evenodd;stroke:#000000;stroke-width:1px;stroke-linecap:butt;stroke-linejoin:miter;stroke-opacity:1"
       inkscape:connector-curvature="0" />
    <path
       id="path2428"
       d="m 241.78125,2570.2188 c -2.33687,-0.049 -4.72719,0.5448 -7.28125,1.7812 -2.5571,1.2377 -4.89554,2.8642 -5.1875,3.625 -1.34281,3.4992 8.91731,22.3379 13.53125,24.8438 3.63366,1.9735 4.49228,1.8871 6.875,-0.7188 2.6612,-2.9104 4.80142,-7.2004 6.21875,-12.4688 1.46571,-5.4482 -0.24542,-9.7436 -5.375,-13.6562 -2.90111,-2.2128 -5.7767,-3.3436 -8.78125,-3.4062 z M 128.5625,2572 c -4.54705,0 -5.5684,0.9629 -5.5625,5.3438 0.008,6.1983 1.77374,11.3263 4.65625,13.5937 3.36779,2.649 6.03643,1.3031 6.9375,-3.5 C 136.00969,2579.89 132.92275,2572 128.5625,2572 z m 60.71875,6.0625 c -2.35786,0.042 -4.70953,0.4963 -6.8125,1.375 -4.23733,1.7704 -4.3481,3.3086 -0.90625,11.9063 4.36542,10.9047 7.40541,12.6367 14.9375,8.375 4.73835,-2.6811 6.86132,-7.6757 5.875,-13.8438 -0.53169,-3.3249 -1.26691,-4.304 -4.46875,-5.9375 -2.54944,-1.3007 -5.59347,-1.9286 -8.625,-1.875 z"
       style="fill:#d7d0cb;fill-opacity:1;fill-rule:evenodd;stroke:#000000;stroke-width:1px;stroke-linecap:butt;stroke-linejoin:miter;stroke-opacity:1"
       inkscape:connector-curvature="0" />
    <path
       id="path2430"
       d="m 922.21875,927.5625 c -11.87044,0.0174 -15.49998,0.86938 -77.65625,12.875 -7.10841,1.373 -13.32577,2.91952 -13.84375,3.4375 -1.63588,1.63585 -0.14796,67.1862 1.75,77.125 4.38687,22.9722 11.16709,36.5504 27.625,55.2812 10.96503,12.4793 27.24371,23.0538 41,26.6563 9.96516,2.6097 24.18189,2.6912 34.09375,0.1563 20.31548,-5.196 38.62117,-18.0254 52.46875,-36.75 6.038,-8.1647 13.35305,-21.4312 15.37495,-27.8438 0.6938,-2.2 1.8792,-4.9464 2.625,-6.0938 2.9452,-4.5308 13.1342,-56.6512 13.625,-69.7187 l 0.2188,-6 -29,-12.40625 c -36.18515,-15.49316 -40.62312,-16.66964 -62.5,-16.6875 -2.22772,-0.002 -4.08547,-0.0337 -5.78125,-0.0312 z"
       style="fill:#e7a897;fill-opacity:1;fill-rule:evenodd;stroke:#000000;stroke-width:1px;stroke-linecap:butt;stroke-linejoin:miter;stroke-opacity:1"
       inkscape:connector-curvature="0" />
    <path
       id="path2432"
       d="m 895.1875,720.6875 c -18.49976,-9.1e-4 -37.56081,0.39852 -48.6875,1.1875 -42.29019,2.99874 -87.50236,8.16809 -95.5,10.9375 -12.9629,4.4888 -48.43685,29.02784 -62.375,43.03125 0.65758,-0.90217 0.93045,-2.02198 1.3125,-3.125 -14.64027,13.94744 -26.87188,33.40016 -30.5625,48.78125 -2.19262,9.13791 -2.1926,24.86209 0,34 3.64837,15.2051 15.52381,34.33447 27.1875,43.8125 16.7914,13.6449 36.50727,20.09653 65.9375,21.59375 21.76627,1.10734 38.56409,-0.87871 85,-10.03125 7.28134,-1.58244 12.57521,-1.88846 1.34375,-1.84375 2.00857,-0.37698 3.93813,-0.72599 6.15625,-1.15625 61.03554,-11.83944 92.8718,-14.49032 113.5,-9.4375 17.2238,4.2189 43.9694,14.29931 62.2812,23.4375 8.0409,4.0126 14.5293,6.84294 19.8438,8.6875 0.012,0.004 0.019,0.0271 0.031,0.0312 1.4714,1.26181 2.9936,2.55266 4.5313,3.84375 17.2338,7.13956 29.0923,10.23602 42.3125,11.5 18.6788,1.78584 33.1125,-1.56241 50.5,-11.71875 23.7073,-13.84793 36.4065,-26.86378 47.0938,-48.28125 6.7497,-13.52662 8.0865,-18.26497 8.625,-30.4375 0.593,-13.40993 -0.8692,-20.0946 -7.2813,-33 -3.1949,-6.43039 -6.432,-11.75967 -10.375,-16.75 -0.143,0.60927 -0.2948,1.19156 -0.4687,1.78125 -2.4529,-4.23986 -7.5209,-9.23714 -16.625,-16.5 -11.5777,-9.23608 -36.2695,-25.7921 -44.6876,-29.96875 -5.9279,-2.94117 -49.6815,-15.42027 -83.7812,-23.90625 -30.84218,-7.67529 -59.70276,-12.5843 -90,-15.28125 -8.87427,-0.78995 -26.81274,-1.18659 -45.3125,-1.1875 z m 59.40625,20.84375 c 8.06579,0.067 16.0079,1.69795 25.90625,4.9375 19.08664,6.24668 41.7263,18.44585 48.4688,26.125 15.7045,17.88654 14.2623,50.20842 -3.1563,71.09375 -9.5876,11.49576 -31.31341,28.08531 -44.34375,33.875 -12.38379,5.50241 -35.83707,7.91905 -47.46875,4.875 -13.89638,-3.63674 -31.75169,-15.13196 -44.6875,-28.75 -8.37796,-8.81982 -14.16585,-18.18526 -18,-29.1875 -2.59394,-7.44338 -2.77737,-9.07846 -2.75,-23.5 0.0352,-18.52517 1.08459,-23.00106 6.53125,-28.1875 8.8804,-8.45611 33.89591,-21.13371 52.90625,-26.78125 10.33933,-3.07158 18.52796,-4.56695 26.59375,-4.5 z m 90.06245,190.3125 c 0.664,0.18501 1.3465,0.353 1.9688,0.5 0.8893,0.21008 1.7218,0.39668 2.5312,0.53125 -0.8016,-0.13327 -1.6511,-0.32081 -2.5312,-0.53125 -0.6339,-0.15157 -1.2915,-0.30865 -1.9688,-0.5 z"
       style="fill:#c9985e;fill-opacity:1;fill-rule:evenodd;stroke:#000000;stroke-width:1px;stroke-linecap:butt;stroke-linejoin:miter;stroke-opacity:1"
       inkscape:connector-curvature="0" />
    <path
       sodipodi:nodetypes="csscccsscccccsscssssccsssscccssc"
       id="path3226"
       d="m 1271.4471,2833.8933 c -1.9428,10e-5 -12.7409,5.4165 -14.625,7.3124 -2.3295,2.3441 -0.2076,3.15 1.7812,9.9376 3.8164,13.0251 4.7972,25.5427 4.0626,34.25 l -1,9 3.125,2.75 c 2.8966,2.1729 3.8024,3.3068 6.4687,0.4687 6.5046,-6.9241 10.1627,-31.7596 7.125,-48.3125 -1.523,-8.2992 -4.7326,-15.4062 -6.9375,-15.4062 z m -53.4688,12.6874 c -7.0778,-0.1822 -14.6028,2.5459 -26.0937,8.9688 l -8.125,4.5312 4.8125,12.1563 c 6.9578,17.6481 9.7707,28.2251 10.2812,38.625 0.4118,8.387 0.6942,9.3123 3.9688,13.75 3.8671,5.2407 9.078,10.4469 12.125,12.0625 2.6065,-0.206 5.8193,-0.2803 9.1562,-3.9375 5.1706,-5.6667 14.3197,-29.1205 16.4063,-42.0937 1.566,-9.7354 0.805,-24.8013 -1.5313,-30.5313 -2.1233,-5.208 -8.4666,-10.8675 -13.9374,-12.4063 -2.3888,-0.6717 -4.7033,-1.0642 -7.0626,-1.125 z m -63.4374,20.3126 c -0.4714,10e-5 -6.4957,1.3483 -13.4063,3 -39.8388,9.5208 -73.5422,25.6645 -71.2813,34.1562 1.0339,3.8832 14.6528,19.8537 22.625,26.5312 4.125,3.455 10.6501,7.8531 14.5,9.75 12.2331,6.0273 31.131,10.2531 46.5938,10.4376 l 6.8708,0.125 2.9417,-8.6876 c 0.6677,-4.7733 1.4504,-14.7856 1.75,-22.25 0.4559,-11.361 0.2138,-15.1912 -1.5313,-23.5624 -2.5138,-12.0588 -7.8738,-29.5 -9.0624,-29.5 z"
       style="fill:#d7d0cb;fill-opacity:1"
       inkscape:connector-curvature="0" />
    <path
       sodipodi:nodetypes="cssssccsssccccsssssccsssssc"
       id="path3229"
       d="m 689.9375,772.71875 c -14.64027,13.94744 -26.87188,33.40016 -30.5625,48.78125 -2.19262,9.13791 -2.1926,24.86209 0,34 3.64837,15.2051 15.52381,34.33447 27.1875,43.8125 16.7914,13.6449 36.50727,20.09653 65.9375,21.59375 21.76627,1.10734 38.56409,-0.87871 85,-10.03125 7.28134,-1.58244 12.57521,-1.88846 1.34375,-1.84375 -23.60365,4.43011 -33.7749,5.32174 -50.34375,4.59375 -46.06542,-2.02402 -73.73654,-12.36416 -89.3125,-33.375 -14.90558,-20.10653 -21.93456,-49.07493 -19.25,-79.4375 1.30719,-14.78424 2.58484,-18.66954 7.875,-24.15625 1.27514,-0.99158 1.6156,-2.4668 2.125,-3.9375 z m 486.125,33.03125 c -0.143,0.60927 -0.2947,1.19156 -0.4687,1.78125 0.3761,0.65021 0.6785,1.28644 0.9374,1.90625 3.5883,8.58766 2.538,33.17261 -2.0937,49.15625 -5.1411,17.7407 -12.7957,30.70195 -25.9687,43.875 -17.0037,17.00364 -37.3251,26.99631 -61.9688,30.5 -8.4178,1.1968 -29.9228,1.13996 -37.3438,-0.0937 -2.4597,-0.40895 -5.2757,-1.18256 -8.5312,-2.3125 1.4815,1.27068 3.0134,2.57434 4.5625,3.875 17.2338,7.13956 29.0923,10.23602 42.3125,11.5 18.6788,1.78584 33.1125,-1.56241 50.5,-11.71875 23.7073,-13.84793 36.4065,-26.86378 47.0938,-48.28125 6.7497,-13.52662 8.0865,-18.26497 8.625,-30.4375 0.593,-13.40993 -0.8692,-20.0946 -7.2813,-33 -3.1949,-6.43039 -6.432,-11.75967 -10.375,-16.75 z"
       style="fill:#8c6a42;fill-opacity:1"
       inkscape:connector-curvature="0" />
  </g>
</svg>
