<?xml version="1.0" encoding="UTF-8" standalone="no"?>
<svg xmlns:dc="http://purl.org/dc/elements/1.1/" xmlns:cc="http://creativecommons.org/ns#" xmlns:rdf="http://www.w3.org/1999/02/22-rdf-syntax-ns#" xmlns:svg="http://www.w3.org/2000/svg" xmlns="http://www.w3.org/2000/svg" xmlns:sodipodi="http://sodipodi.sourceforge.net/DTD/sodipodi-0.dtd" xmlns:inkscape="http://www.inkscape.org/namespaces/inkscape" width="100%" height="100%" id="doh logo" viewBox="0 0 14.709276 23.754595" version="1.1" inkscape:version="0.48.0 r9654" sodipodi:docname="fork and spoon.svg">
  <metadata id="metadata4231">
    <rdf:RDF>
      <cc:Work rdf:about="">
        <dc:format>image/svg+xml</dc:format>
        <dc:type rdf:resource="http://purl.org/dc/dcmitype/StillImage" />
        <dc:title>The Department of Happiness</dc:title>
      </cc:Work>
    </rdf:RDF>
  </metadata>
  <defs id="defs4229" />
  <sodipodi:namedview pagecolor="#ffffff" bordercolor="#666666" borderopacity="1" objecttolerance="10" gridtolerance="10" guidetolerance="10" inkscape:pageopacity="0" inkscape:pageshadow="2" inkscape:window-width="884" inkscape:window-height="689" id="namedview4227" showgrid="false" fit-margin-top="0" fit-margin-left="0" fit-margin-right="0" fit-margin-bottom="0" inkscape:zoom="12.343015" inkscape:cx="0.36101186" inkscape:cy="4.7621279" inkscape:window-x="316" inkscape:window-y="2" inkscape:window-maximized="0" inkscape:current-layer="doh logo" />
  <title id="title4205">The Department of Happiness</title>
  <g transform="matrix(0.1181942,0.00351065,-0.00351065,0.1181942,-3.4322606,-57.836929)" id="lightbulb" class="menuitem">
    <path inkscape:connector-curvature="0" style="fill:#fffcb7;fill-opacity:1;fill-rule:evenodd;stroke:none" d="m -225.35714,117.45356 35.71428,-2.14286 13.92857,-36.071427 27.5,-46.785715 -6.07142,-32.85714207 -23.57143,-26.78571393 -31.78572,-6.785715 -31.07143,7.5 -23.57142,29.2857146 0.35714,40.3571424 22.14286,31.785715 16.42857,42.500001 z" id="path5820" transform="translate(315.20178,522.92112)" />
    <rect style="fill:#cdd9e5;fill-opacity:1;stroke:none" id="rect5822" width="37.5" height="32.857143" x="-225.71428" y="116.38213" transform="translate(315.20178,522.92112)" />
    <path inkscape:connector-curvature="0" style="fill:black" d="m 101.09303,685.51957 c -1.539041,-0.83649 -3.498171,-3.48538 -4.777801,-6.45996 -1.19297,-2.77314 -2.71903,-5.11061 -3.39124,-5.19438 -1.594975,-0.25951 -3.170816,-0.56885 -4.77987,-0.73234 -1.32168,-0.0979 -1.73689,-3.48625 -2.74061,-22.36535 -1.31033,-24.64622 -3.450674,-32.73634 -9.07021,-42.6907 -3.774951,-6.68689 -8.05531,-12.82029 -13.07979,-18.62469 -10.02334,-11.57921 -14.49202,-19.29988 -16.58244,-29.1648 -1.91228,-9.02426 -1.85967,-22.56754 0.11397,-29.33831 2.47719,-8.49823 8.97705,-19.56353 15.13182,-26.07036 7.767885,-8.21221 17.558822,-12.84845 27.78493,-16.88968 5.64272,-2.22993 25.415351,-2.26253 32.697121,-0.63163 8.4928,1.90213 16.12529,5.51603 23.19528,10.58068 16.68001,11.94887 26.3709,35.56355 23.66982,56.07949 -1.9058,14.47542 -6.24634,23.10066 -18.68463,37.12891 -5.87331,6.62407 -9.62328,12.63378 -15.5192,24.87109 -4.99127,10.35966 -5.78341,15.4272 -5.82277,37.25 -0.0389,21.5576 0.42375,19.93424 -5.72489,20.08852 -1.63548,0.041 -2.60225,1.1363 -3.82185,4.32977 -3.1619,8.2793 -11.39624,11.7478 -18.59764,7.83374 z M 113.7824,667.8821 c 6.0115,-0.72313 10.80443,-1.30822 10.34796,-4.34807 -0.71428,-4.75681 -4.63092,-1.79101 -24.187481,1.19727 -6.893192,1.05329 -7.000679,0.73345 -6.988552,3.52863 0.02014,4.82163 5.559304,1.45886 20.828073,-0.37783 z m 4.56373,-11.16558 c 4.1721,-0.62502 6.40562,-0.31496 5.53022,-4.10468 -0.73618,-3.18702 -3.90968,-1.47687 -14.17456,0.10453 -11.898867,1.83313 -17.917025,0.93161 -17.150071,4.88681 0.838394,4.32362 -0.231727,3.01225 25.794411,-0.88666 z m -6.14434,-9.75202 c 9.54225,-1.25943 12.28842,-0.88257 11.48148,-4.97692 -0.4932,-2.50249 -6.89031,-0.31765 -19.61069,0.96059 -9.60999,0.96569 -11.923093,0.59894 -11.744522,5.64726 0.06362,1.79854 2.045731,0.7221 19.873732,-1.63093 z M 99.201789,635.24129 c 0.360067,-2.63859 -19.838105,-74.57698 -16.717166,-75.5048 3.038809,-0.9034 12.841054,50.78492 20.780347,75.58739 1.93303,0.63284 5.78577,1.07518 8.66169,-0.26937 1.30431,-1.72459 16.91332,-76.38499 20.42669,-75.53697 3.49403,0.84335 -16.39334,73.64007 -16.15156,75.57889 9.02847,2.74164 7.37328,0.77115 8.14607,-3.00746 2.43412,-13.9493 11.56917,-33.33021 22.33315,-45.59054 6.13946,-6.99294 11.78681,-16.17847 13.88532,-22.58473 1.90218,-5.80694 4.22414,-12.29675 3.24429,-19.72371 -1.52818,-11.58308 -6.44004,-22.05078 -12.63822,-31.85477 -9.18115,-11.28151 -21.73864,-18.66642 -35.94068,-20.15108 -8.32391,-0.87017 -19.195322,-0.49673 -24.651121,1.58356 -13.853686,5.28241 -16.40078,8.541 -22.41961,14.24984 -13.57802,12.87869 -19.40792,30.81496 -15.94722,49.06316 1.47371,7.77088 7.65411,19.61953 13.52897,25.93684 5.43879,5.8484 12.075075,14.08272 19.64691,28 3.834465,7.04787 4.359091,15.20822 5.264321,21.10714 0.660498,5.9812 1.92764,6.20906 8.547819,3.11661 z M 84.916075,554.65084 c -1.589232,-0.0101 5.692203,-13.38331 7.332161,-13.38331 1.576824,0 5.815946,11.07143 6.310696,11.07143 0.539393,0 7.588628,-11.07143 8.975738,-11.07143 1.34246,0 6.69929,11.07143 7.39333,11.07143 0.64939,0 6.66337,-11.07143 8.06185,-11.07143 1.3092,0 8.25086,13.50108 6.84831,13.44697 -1.40255,-0.0541 -6.30609,-11.7059 -6.98166,-11.7059 -0.63093,0 -6.60146,11.65179 -7.91264,11.65179 -1.31118,0 -6.42232,-11.65179 -7.45631,-11.65179 -1.03399,0 -7.542985,11.65179 -8.869897,11.65179 -1.371554,0 -6.00507,-11.65179 -6.458721,-11.65179 -0.498294,0 -5.742908,11.65179 -7.242857,11.64224 z" id="path5810" />
  </g>
</svg>
