<?xml version="1.0" encoding="UTF-8" standalone="no"?>
<?xml-stylesheet type="text/css" href="css" ?>
<svg xmlns="http://www.w3.org/2000/svg"
     version="1.1"
     viewBox="0 0 532.4234 528.29297">
<g id="node" transform="translate(-41.55063,-137.359)">
  <path d="m 42.084,358.068 h 21.333 l 54.481,96.435 v -96.435 h 14.118 V 474.695 H 112.372 L 56.051,375.674 v 99.021 H 42.084 V 358.068 z"/>
  <path d="m 221.441,479.645 c -34.269,0 -62.147,-27.878 -62.147,-62.146 0,-34.268 27.878,-62.149 62.147,-62.149 34.267,0 62.146,27.882 62.146,62.149 0,34.268 -27.879,62.146 -62.146,62.146 l 0,0 z m 0,-109.194 c -25.942,0 -47.046,21.105 -47.046,47.047 0,25.939 21.104,47.044 47.046,47.044 25.94,0 47.044,-21.104 47.044,-47.044 0,-25.941 -21.104,-47.047 -47.044,-47.047 l 0,0 z"/>
  <path d="m 319.666,358.068 h 32.068 c 14.891,0 32.384,0 44.662,15.184 9.827,12.116 13.658,28.106 13.658,44.1 0,25.2 -9.975,40.706 -18.418,47.815 -10.896,9.528 -24.554,9.528 -40.815,9.528 H 319.666 V 358.068 l 0,0 z m 15.341,103.381 h 15.046 c 10.584,0 21.64,-0.645 28.999,-6.463 14.121,-11.146 14.583,-30.207 14.583,-36.988 0,-4.362 -0.311,-24.232 -10.74,-36.348 -7.061,-8.235 -15.963,-10.173 -29.47,-10.173 h -18.418 v 89.972 z"/>
  <path d="m 444.497,358.068 h 69.524 v 13.73 h -54.177 v 36.344 h 51.568 v 13.567 h -51.568 v 38.77 h 55.399 v 14.217 h -70.748 l 0.002,-116.628 0,0 z"/>
</g>
<!-- ToDo: Replace with non-translated circles -->
<g id="circles" transform="translate(-41.55063,-137.359)">
  <path d="m 393.836,288.798 c -24.092,0 -43.696,-19.601 -43.696,-43.694 0,-24.096 19.604,-43.698 43.696,-43.698 24.095,0 43.692,19.603 43.692,43.698 0,24.093 -19.597,43.694 -43.692,43.694 l 0,0 z m 0,-75.214 c -17.38,0 -31.52,14.14 -31.52,31.52 0,17.376 14.14,31.514 31.52,31.514 17.38,0 31.516,-14.138 31.516,-31.514 0,-17.38 -14.136,-31.52 -31.516,-31.52 l 0,0 z"/>
  <path d="m 551.536,532.62 c -12.37,0 -22.437,-10.067 -22.437,-22.438 0,-12.374 10.065,-22.438 22.437,-22.438 12.374,0 22.438,10.062 22.438,22.438 0.002,12.371 -10.064,22.438 -22.438,22.438 l 0,0 z m 0,-35.13 c -7,0 -12.692,5.693 -12.692,12.691 0,7 5.692,12.695 12.692,12.695 7,0 12.696,-5.695 12.696,-12.695 0,-6.996 -5.696,-12.691 -12.696,-12.691 l 0,0 z"/>
  <path d="m 289.391,195.255 c -15.963,0 -28.951,-12.987 -28.951,-28.95 0,-15.958 12.988,-28.946 28.951,-28.946 15.962,0 28.948,12.988 28.948,28.946 0,15.963 -12.985,28.95 -28.948,28.95 l 0,0 z m 0,-46.935 c -9.919,0 -17.989,8.068 -17.989,17.984 0,9.918 8.07,17.988 17.989,17.988 9.916,0 17.985,-8.07 17.985,-17.988 0,-9.915 -8.069,-17.984 -17.985,-17.984 l 0,0 z"/>
  <path d="m 221.438,665.652 c -19.727,0 -35.776,-16.051 -35.776,-35.777 0,-19.726 16.049,-35.773 35.776,-35.773 19.729,0 35.778,16.047 35.778,35.773 0,19.726 -16.049,35.777 -35.778,35.777 l 0,0 z m 0,-59.373 c -13.01,0 -23.595,10.587 -23.595,23.596 0,13.012 10.585,23.597 23.595,23.597 13.013,0 23.599,-10.585 23.599,-23.597 -0.001,-13.009 -10.587,-23.596 -23.599,-23.596 l 0,0 z"/>
  <path d="m 79.157,588.12 c -15.628,0 -28.343,-12.711 -28.343,-28.34 0,-15.628 12.715,-28.341 28.343,-28.341 15.625,0 28.338,12.713 28.338,28.341 10e-4,15.629 -12.713,28.34 -28.338,28.34 l 0,0 z m 0,-45.719 c -9.584,0 -17.381,7.796 -17.381,17.379 0,9.582 7.796,17.38 17.381,17.38 9.582,0 17.376,-7.798 17.376,-17.38 0.001,-9.583 -7.794,-17.379 -17.376,-17.379 l 0,0 z"/>
  <path d="m 191.755,275.894 c -12.176,0 -22.08,-9.903 -22.08,-22.079 0,-12.173 9.904,-22.078 22.08,-22.078 12.172,0 22.078,9.905 22.078,22.078 0,12.176 -9.906,22.079 -22.078,22.079 l 0,0 z m 0,-34.413 c -6.801,0 -12.335,5.533 -12.335,12.334 0,6.802 5.534,12.335 12.335,12.335 6.8,0 12.333,-5.533 12.333,-12.335 0,-6.801 -5.533,-12.334 -12.333,-12.334 l 0,0 z"/>
</g>
<g id="lines">
   <path d="m 487.55037,372.824 c 0,-2.331 0.356,-4.582 1.021,-6.697 h -213.219 l -47.065,-47.063 c -2.81,3.486 -5.985,6.664 -9.475,9.475 l 50.996,50.987 h 218.761 c -0.663,-2.12 -1.019,-4.371 -1.019,-6.702 z"/>
   <path d="m 173.19537,341.917 v 115.475 c 2.172,-0.413 4.403,-0.649 6.692,-0.649 2.292,0 4.529,0.236 6.704,0.649 V 341.917 c -2.202,0.234 -4.437,0.367 -6.701,0.367 -2.263,0.002 -4.498,-0.131 -6.695,-0.367 z"/>
   <path d="m 131.46337,319.028 -79.889,78.767 c 3.94,2.245 7.29,5.401 9.761,9.188 l 79.597,-78.475 c -3.486,-2.812 -6.661,-5.994 -9.469,-9.48 z"/>
   <path d="m 254.53837,57.081 c -2.152,0.511 -4.389,0.814 -6.698,0.814 -2.309,0 -4.545,-0.303 -6.699,-0.814 v 52.676 h -69.908 c 0.674,2.117 1.049,4.364 1.049,6.699 0,2.335 -0.375,4.583 -1.049,6.7 h 73.832 l 41.167,41.167 -67.42,67.418 c 3.49,2.808 6.665,5.986 9.475,9.473 l 98.246,-98.249 c -3.627,-2.656 -6.817,-5.85 -9.475,-9.471 l -21.355,21.355 -41.165,-41.165 V 57.081 l 0,0 z"/>
</g>
<text y="196.04308" x="-4.1279502">baltimore</text>
</svg>
