<?xml version="1.0" encoding="UTF-8" standalone="no"?>
<!-- Created with Inkscape (http://www.inkscape.org/) -->
<svg xmlns:dc="http://purl.org/dc/elements/1.1/" xmlns:cc="http://creativecommons.org/ns#" xmlns:rdf="http://www.w3.org/1999/02/22-rdf-syntax-ns#" xmlns:svg="http://www.w3.org/2000/svg" xmlns="http://www.w3.org/2000/svg" xmlns:sodipodi="http://sodipodi.sourceforge.net/DTD/sodipodi-0.dtd" xmlns:inkscape="http://www.inkscape.org/namespaces/inkscape" width="744.09448819" height="1052.3622047" id="svg2" version="1.1" inkscape:version="0.48.0 r9654" sodipodi:docname="waga.svg">
  <defs id="defs4">
    <inkscape:path-effect effect="skeletal" id="path-effect3875" is_visible="true" pattern="M 27.732,-7.1858604 C 16.498734,-5.1705343 3.041201,-0.84353892 5.9643145,10.188379 10.766425,28.311688 62.707653,16.121753 62.707653,16.121753 63.712843,13.175685 46.115485,-10.483986 27.732,-7.1858604 z" copytype="single_stretched" prop_scale="1" scale_y_rel="false" spacing="0" normal_offset="0" tang_offset="0" prop_units="false" vertical_pattern="false" fuse_tolerance="0" pattern-nodetypes="sscs"/>
    <linearGradient id="linearGradient3806">
      <stop style="stop-color:#ffffff;stop-opacity:1;" offset="0" id="stop3808"/>
      <stop style="stop-color:#dddddd;stop-opacity:1;" offset="1" id="stop3810"/>
    </linearGradient>
  </defs>
  <sodipodi:namedview id="base" pagecolor="#ffffff" bordercolor="#666666" borderopacity="1.0" inkscape:pageopacity="0.0" inkscape:pageshadow="2" inkscape:zoom="0.35" inkscape:cx="349.8958" inkscape:cy="777.36955" inkscape:document-units="px" inkscape:current-layer="layer1" showgrid="false" inkscape:window-width="741" inkscape:window-height="696" inkscape:window-x="2" inkscape:window-y="3" inkscape:window-maximized="0"/>
  <g inkscape:label="Layer 1" inkscape:groupmode="layer" id="layer1">
    <path style="fill:#000000;stroke:none" d="m 117.9375,126.46875 c -5.11237,0.0997 -10.13936,1.01594 -14.9375,2.65625 -6.397522,2.18708 -12.351225,5.67691 -17.40625,10.25 -7.733447,7.00095 -13.22937,16.15681 -15.84375,26.0625 -0.816928,3.09527 -1.352345,6.26765 -1.59375,9.5 -0.551321,7.85946 0.621684,15.75981 3.40625,23.09375 2.729447,7.13917 6.875329,13.59362 12.03125,19 5.329126,5.59002 11.6724,10.01724 18.5625,13.125 6.89011,3.10777 14.33584,4.89322 21.875,5.1875 5.35362,0.1709 10.53,-0.65931 15.3125,-2.28125 4.71699,-1.61966 8.88397,-3.75791 12.59375,-6.0625 65.10044,-36.74479 122.34187,-64.6955 205.25,-68.125 82.90813,3.4295 140.11831,31.38021 205.21875,68.125 3.70978,2.30459 7.90801,4.44284 12.625,6.0625 4.7825,1.62194 9.95888,2.45215 15.3125,2.28125 7.53916,-0.29428 14.95364,-2.07973 21.84375,-5.1875 6.8901,-3.10776 13.23338,-7.53498 18.5625,-13.125 5.15592,-5.40638 9.3018,-11.86083 12.03125,-19 2.78457,-7.33394 3.95757,-15.23429 3.40625,-23.09375 -0.2414,-3.23235 -0.77682,-6.40473 -1.59375,-9.5 -2.61438,-9.90569 -8.1103,-19.06155 -15.84375,-26.0625 -5.05502,-4.57309 -10.97748,-8.06292 -17.375,-10.25 -6.39752,-2.18708 -13.25124,-3.0644 -20.09375,-2.46875 -5.94174,0.58927 -11.62944,2.33001 -16.75,5 -5.12056,2.66999 -9.6631,6.25807 -13.40625,10.5625 -3.93804,4.52857 -6.83162,9.78337 -8.53125,15.3125 -1.69961,5.52913 -2.21453,11.32223 -1.53125,17 0.66312,4.9863 2.2811,9.65832 4.625,13.78125 2.3439,4.12293 5.4013,7.70878 8.9375,10.59375 3.93028,3.21144 8.40895,5.39012 13,6.5625 4.59104,1.17239 9.29265,1.35159 13.75,0.5625 3.91772,-0.74553 7.45974,-2.26374 10.5,-4.25 3.04026,-1.98626 5.59184,-4.43765 7.5625,-7.15625 2.41594,-3.31338 3.81615,-7.0034 4.375,-10.5625 0.55886,-3.55911 0.28814,-7.00485 -0.625,-10.0625 -0.87307,-2.78511 -2.30224,-5.0901 -3.90625,-6.90625 -1.60401,-1.81616 -3.39534,-3.14084 -5.15625,-4.0625 -1.18337,-0.63304 -2.395,-1.0536 -3.53125,-1.3125 -1.13626,-0.2589 -2.21367,-0.35004 -3.1875,-0.3125 -1.0466,0.0477 -1.9372,0.23824 -2.6875,0.5 -0.75029,0.26176 -1.34756,0.57963 -1.8125,0.90625 -0.92987,0.65327 -1.30559,1.29982 -1.3125,1.75 -0.007,0.45016 0.36832,0.71189 1.03125,0.90625 0.66293,0.19436 1.62073,0.31832 2.75,0.6875 0.44497,0.14547 0.91594,0.32391 1.375,0.5625 1.01038,0.47615 2.118,1.28764 3.21875,2.40625 0.83273,0.86721 1.62571,1.93136 2.25,3.15625 0.6243,1.22489 1.08557,2.62389 1.1875,4.03125 0.20402,1.63211 -0.0141,3.42388 -0.65625,5.25 -0.64189,1.82613 -1.70095,3.66643 -3.125,5.15625 -1.26443,1.32894 -2.84915,2.52016 -4.625,3.40625 -1.77586,0.8861 -3.76785,1.4798 -5.75,1.625 -2.30067,0.25006 -4.77795,-0.0897 -7.21875,-0.96875 -2.44079,-0.87906 -4.82902,-2.28777 -6.78125,-4.125 -1.83393,-1.72156 -3.41966,-3.88715 -4.59375,-6.28125 -1.17409,-2.3941 -1.95381,-5.01598 -2.125,-7.65625 -0.28148,-3.00831 0.20809,-6.24695 1.34375,-9.34375 1.13565,-3.09681 2.91868,-6.07993 5.21875,-8.53125 2.21392,-2.3644 4.98346,-4.36993 8.03125,-5.84375 3.0478,-1.47382 6.38282,-2.39952 9.71875,-2.59375 3.76209,-0.30928 7.74597,0.31042 11.53125,1.71875 3.7853,1.40833 7.37223,3.61752 10.34375,6.40625 2.92709,2.74186 5.40375,6.10879 7.1875,9.84375 1.78376,3.73497 2.87712,7.8149 3.09375,11.875 0.29113,4.73879 -0.46586,9.63707 -2.1875,14.125 -1.65325,4.35877 -4.27502,8.46232 -7.5625,11.96875 -6.62893,7.06692 -16.3362,11.70984 -25.9375,12.1875 -2.59512,0.17317 -5.38096,-0.21128 -8.09375,-1.03125 -2.76936,-0.81891 -5.6423,-2.24638 -8.65625,-3.9375 -6.39446,-3.63177 -13.02211,-8.73435 -20.96875,-13.25 -8.53606,-4.77751 -16.91842,-10.67175 -25.875,-16.1875 -49.71676,-31.11306 -82.73522,-61.25 -168.53125,-61.25 -85.79603,0 -118.84574,30.13694 -168.5625,61.25 -8.95658,5.51575 -17.33894,11.40999 -25.875,16.1875 -7.94664,4.51565 -14.57429,9.61823 -20.96875,13.25 -3.01395,1.69112 -5.88689,3.11859 -8.65625,3.9375 -2.71279,0.81997 -5.46738,1.20442 -8.0625,1.03125 -9.6013,-0.47766 -19.33982,-5.12058 -25.96875,-12.1875 -3.287482,-3.50643 -5.909254,-7.60998 -7.5625,-11.96875 -1.721641,-4.48793 -2.478627,-9.38621 -2.1875,-14.125 0.216628,-4.0601 1.341242,-8.14003 3.125,-11.875 1.783752,-3.73496 4.229156,-7.10189 7.15625,-9.84375 2.97152,-2.78873 6.5897,-4.99792 10.375,-6.40625 3.78528,-1.40833 7.73791,-2.02803 11.5,-1.71875 3.33593,0.19423 6.67095,1.11993 9.71875,2.59375 3.04779,1.47382 5.81733,3.47935 8.03125,5.84375 2.30007,2.45132 4.0831,5.43444 5.21875,8.53125 1.13566,3.0968 1.62523,6.33544 1.34375,9.34375 -0.17119,2.64027 -0.95091,5.26215 -2.125,7.65625 -1.17409,2.3941 -2.75982,4.55969 -4.59375,6.28125 -1.95223,1.83723 -4.30921,3.24594 -6.75,4.125 -2.4408,0.87902 -4.94933,1.21881 -7.25,0.96875 -1.98215,-0.1452 -3.97414,-0.7389 -5.75,-1.625 -1.77585,-0.88609 -3.32932,-2.07731 -4.59375,-3.40625 -1.42405,-1.48982 -2.51436,-3.33012 -3.15625,-5.15625 -0.64211,-1.82612 -0.86027,-3.61789 -0.65625,-5.25 0.10193,-1.40736 0.5632,-2.80636 1.1875,-4.03125 0.62429,-1.22489 1.41727,-2.28904 2.25,-3.15625 1.10075,-1.11861 2.20837,-1.9301 3.21875,-2.40625 0.45906,-0.23859 0.93003,-0.41703 1.375,-0.5625 1.12927,-0.36918 2.11832,-0.49314 2.78125,-0.6875 0.66293,-0.19436 1.03825,-0.45609 1.03125,-0.90625 -0.007,-0.45018 -0.41388,-1.09673 -1.34375,-1.75 -0.46494,-0.32662 -1.06221,-0.64449 -1.8125,-0.90625 -0.7503,-0.26176 -1.6409,-0.4523 -2.6875,-0.5 -0.97383,-0.0375 -2.05124,0.0536 -3.1875,0.3125 -1.13625,0.2589 -2.34788,0.67946 -3.53125,1.3125 -1.76091,0.92166 -3.55224,2.24634 -5.15625,4.0625 -1.60401,1.81615 -3.00193,4.12114 -3.875,6.90625 -0.91314,3.05765 -1.215107,6.50339 -0.65625,10.0625 0.55885,3.5591 1.95906,7.24912 4.375,10.5625 1.97066,2.7186 4.52224,5.16999 7.5625,7.15625 3.04026,1.98626 6.58228,3.50447 10.5,4.25 4.45735,0.78909 9.15896,0.60989 13.75,-0.5625 4.59105,-1.17238 9.06972,-3.35106 13,-6.5625 3.5362,-2.88497 6.5936,-6.47082 8.9375,-10.59375 2.3439,-4.12293 3.96188,-8.79495 4.625,-13.78125 0.68328,-5.67777 0.16836,-11.47087 -1.53125,-17 -1.69963,-5.52913 -4.56196,-10.78393 -8.5,-15.3125 -3.74315,-4.30443 -8.31694,-7.89251 -13.4375,-10.5625 -5.12056,-2.66999 -10.80826,-4.41073 -16.75,-5 -1.71063,-0.14891 -3.42088,-0.22073 -5.125,-0.1875 z" id="path3870" inkscape:connector-curvature="0" sodipodi:nodetypes="sscscccscccccccscccscscssscscscscscscscsccssccscccscccscscscscscccccccczccccccccscscscscscccscccsccssccscscscscscscscssscs"/>
    <g id="g3931" transform="translate(1.852046,0)">
      <g id="g3915">
        <path style="fill:#000000;fill-opacity:1;fill-rule:nonzero;stroke:none" d="m 37.976078,547.28283 c 22.04025,27.12997 55.66517,44.4375 93.343752,44.4375 37.67858,0 71.3035,-17.30753 93.34375,-44.4375 l -186.687502,0 z" id="path3836" inkscape:connector-curvature="0"/>
        <path style="fill:none;stroke:#000000;stroke-width:5.4000001;stroke-linecap:butt;stroke-linejoin:miter;stroke-miterlimit:4;stroke-opacity:1;stroke-dasharray:none" d="m 131.31983,551.14377 0,-262.63966" id="path3843" inkscape:connector-curvature="0"/>
        <path inkscape:connector-curvature="0" id="path3845" d="m 219.96358,549.14377 -88,-260.63966" style="fill:none;stroke:#000000;stroke-width:5.4000001;stroke-linecap:butt;stroke-linejoin:miter;stroke-miterlimit:4;stroke-opacity:1;stroke-dasharray:none" sodipodi:nodetypes="cc"/>
        <path style="fill:none;stroke:#000000;stroke-width:5.4000001;stroke-linecap:butt;stroke-linejoin:miter;stroke-miterlimit:4;stroke-opacity:1;stroke-dasharray:none" d="M 42.676078,549.14377 130.67608,288.50411" id="path3847" inkscape:connector-curvature="0" sodipodi:nodetypes="cc"/>
        <path style="fill:#000000;fill-opacity:1;fill-rule:nonzero;stroke:none" d="m 128.92334,261.77646 c -5.37594,0 -9.73654,6.32888 -9.73654,14.14084 0,7.81198 4.3606,14.16388 9.73654,14.16388 0.82671,0 1.61752,-0.17874 2.38394,-0.46062 -4.20647,-1.5621 -7.3024,-7.10394 -7.3024,-13.70326 0,-6.59932 3.09593,-12.11814 7.3024,-13.68023 -0.76642,-0.28187 -1.55723,-0.46061 -2.38394,-0.46061 z m 2.38394,0.46061 c 4.21747,1.55107 7.3275,7.06959 7.3275,13.68023 0,6.61066 -3.11003,12.1522 -7.3275,13.70326 0.77296,0.28706 1.59963,0.46062 2.43414,0.46062 5.37594,0 9.71143,-6.3519 9.71143,-14.16388 0,-7.81196 -4.33549,-14.14084 -9.71143,-14.14084 -0.8345,0 -1.66118,0.17356 -2.43414,0.46061 z" id="path3849" inkscape:connector-curvature="0"/>
        <path style="fill:#000000;fill-opacity:1;fill-rule:nonzero;stroke:none" d="m 129.61786,231.62294 c -2.6644,1.16564 -2.50585,9.79525 -0.68959,14.32198 1.9775,4.92859 10.13223,12.17701 0.26816,16.68114 -9.05186,1.4019 -8.85688,-13.98907 -10.88489,-5.90372 -1.48923,5.93732 5.42081,13.1516 12.11568,13.1516 6.69487,0 11.51328,-4.87211 11.51328,-12.1394 0,-4.33431 -3.02292,-8.42116 -6.98231,-12.88316 -4.4422,-5.00611 -3.9484,-13.8374 -5.34033,-13.22844 z" id="path3859" inkscape:connector-curvature="0" sodipodi:nodetypes="sscsssss"/>
      </g>
      <g id="g3923">
        <path inkscape:connector-curvature="0" id="path3903" d="m 672.66358,547.28283 c -22.04025,27.12997 -55.66517,44.4375 -93.34375,44.4375 -37.67858,0 -71.3035,-17.30753 -93.34375,-44.4375 l 186.6875,0 z" style="fill:#000000;fill-opacity:1;fill-rule:nonzero;stroke:none"/>
        <path inkscape:connector-curvature="0" id="path3905" d="m 579.31983,551.14377 0,-262.63966" style="fill:none;stroke:#000000;stroke-width:5.4000001;stroke-linecap:butt;stroke-linejoin:miter;stroke-miterlimit:4;stroke-opacity:1;stroke-dasharray:none"/>
        <path sodipodi:nodetypes="cc" style="fill:none;stroke:#000000;stroke-width:5.4000001;stroke-linecap:butt;stroke-linejoin:miter;stroke-miterlimit:4;stroke-opacity:1;stroke-dasharray:none" d="m 490.67608,549.14377 88,-260.63966" id="path3907" inkscape:connector-curvature="0"/>
        <path sodipodi:nodetypes="cc" inkscape:connector-curvature="0" id="path3909" d="m 667.96358,549.14377 -88,-260.63966" style="fill:none;stroke:#000000;stroke-width:5.4000001;stroke-linecap:butt;stroke-linejoin:miter;stroke-miterlimit:4;stroke-opacity:1;stroke-dasharray:none"/>
        <path inkscape:connector-curvature="0" id="path3911" d="m 581.71632,261.77646 c 5.37594,0 9.73654,6.32888 9.73654,14.14084 0,7.81198 -4.3606,14.16388 -9.73654,14.16388 -0.82671,0 -1.61752,-0.17874 -2.38394,-0.46062 4.20647,-1.5621 7.3024,-7.10394 7.3024,-13.70326 0,-6.59932 -3.09593,-12.11814 -7.3024,-13.68023 0.76642,-0.28187 1.55723,-0.46061 2.38394,-0.46061 z m -2.38394,0.46061 c -4.21747,1.55107 -7.3275,7.06959 -7.3275,13.68023 0,6.61066 3.11003,12.1522 7.3275,13.70326 -0.77296,0.28706 -1.59963,0.46062 -2.43414,0.46062 -5.37594,0 -9.71143,-6.3519 -9.71143,-14.16388 0,-7.81196 4.33549,-14.14084 9.71143,-14.14084 0.8345,0 1.66118,0.17356 2.43414,0.46061 z" style="fill:#000000;fill-opacity:1;fill-rule:nonzero;stroke:none"/>
        <path sodipodi:nodetypes="sscsssss" inkscape:connector-curvature="0" id="path3913" d="m 581.0218,231.62294 c 2.6644,1.16564 2.50585,9.79525 0.68959,14.32198 -1.9775,4.92859 -10.13223,12.17701 -0.26816,16.68114 9.05186,1.4019 8.85688,-13.98907 10.88489,-5.90372 1.48923,5.93732 -5.42081,13.1516 -12.11568,13.1516 -6.69487,0 -11.51328,-4.87211 -11.51328,-12.1394 0,-4.33431 3.02292,-8.42116 6.98231,-12.88316 4.4422,-5.00611 3.9484,-13.8374 5.34033,-13.22844 z" style="fill:#000000;fill-opacity:1;fill-rule:nonzero;stroke:none"/>
      </g>
    </g>
    <path style="fill:#000000;fill-opacity:1;fill-rule:nonzero;stroke:none" d="m 357.15625,26.9375 c -6.56854,17.142857 -30,53.431458 -30,70 0,16.56854 13.43146,26 30,26 16.56854,0 30,-9.43146 30,-26 0,-16.568542 -23.43146,-52.857143 -30,-70 z" id="path3947" inkscape:connector-curvature="0" sodipodi:nodetypes="csssc"/>
    <rect style="fill:#000000;fill-opacity:1;fill-rule:nonzero;stroke:none" id="rect3953" width="32.857143" height="50" x="340.72769" y="140.93361" ry="14.285714"/>
    <path sodipodi:type="arc" style="fill:#000000;fill-opacity:1;fill-rule:nonzero;stroke:none" id="path3955" sodipodi:cx="362.14285" sodipodi:cy="208.79076" sodipodi:rx="17.857143" sodipodi:ry="17.857143" d="m 380,208.79076 a 17.857143,17.857143 0 1 1 -35.71429,0 17.857143,17.857143 0 1 1 35.71429,0 z" transform="translate(-4.9866028,-5.499717)"/>
    <path style="fill:#000000;fill-opacity:1;fill-rule:nonzero;stroke:none" d="m 355.01339,216.93361 4.28572,0 c 7.91428,0 14.28571,6.37143 14.28571,14.28571 l 0,331.42857 c 0,7.91429 -6.37143,14.28572 -14.28571,14.28572 l -4.28572,0 c -7.91428,0 -14.28571,-6.37143 -14.28571,-14.28572 l 0,-331.42857 c 0,-7.91428 6.37143,-14.28571 14.28571,-14.28571 z" id="rect3957" inkscape:connector-curvature="0" sodipodi:nodetypes="sssssssss"/>
    <path d="m 380,208.79076 a 17.857143,17.857143 0 1 1 -35.71429,0 17.857143,17.857143 0 1 1 35.71429,0 z" sodipodi:ry="17.857143" sodipodi:rx="17.857143" sodipodi:cy="208.79076" sodipodi:cx="362.14285" id="path3960" style="fill:#000000;fill-opacity:1;fill-rule:nonzero;stroke:none" sodipodi:type="arc" transform="translate(-4.9866028,380.85714)"/>
    <path style="fill:#000000;stroke:none" d="m 357.15625,585.9375 c -35.98217,37.73778 -70.02752,82.54955 -163.65625,88.84375 -4.04061,5.98874 0,22.1875 0,22.1875 l 327.3125,0 c 0,0 4.04061,-16.19876 0,-22.1875 -93.62873,-6.2942 -127.67408,-51.10597 -163.65625,-88.84375 z" id="path3962" inkscape:connector-curvature="0" sodipodi:nodetypes="cccccc"/>
    <path style="fill:#000000;fill-opacity:1;fill-rule:nonzero;stroke:none" d="m 138.93144,692.93359 436.44962,0 c 7.1011,7.60455 4.06091,22.30805 4.06091,30.51051 -37.00394,11.54552 -443.90283,22.14012 -444.57144,0 0.97095,-6.75689 -3.57281,-25.1377 4.06091,-30.51051 z" id="rect3967" inkscape:connector-curvature="0" sodipodi:nodetypes="ccccc"/>
    <path sodipodi:nodetypes="ccccc" inkscape:connector-curvature="0" id="path3970" d="m 98.93144,720.93359 516.44962,0 c 7.1011,8.6147 4.06091,30.30805 4.06091,38.51051 l -524.57144,0 c 0.970953,-6.75689 -5.593114,-33.1377 4.06091,-38.51051 z" style="fill:#000000;fill-opacity:1;fill-rule:nonzero;stroke:none"/>
  </g>
  <metadata>
    <rdf:RDF>
      <cc:Work>
        <dc:format>image/svg+xml</dc:format>
        <dc:type rdf:resource="http://purl.org/dc/dcmitype/StillImage"/>
        <cc:license rdf:resource="http://creativecommons.org/licenses/publicdomain/"/>
        <dc:publisher>
          <cc:Agent rdf:about="http://openclipart.org/">
            <dc:title>Open Clip Art Library</dc:title>
          </cc:Agent>
        </dc:publisher>
        <dc:title>Scale</dc:title>
        <dc:date>2012-03-08T11:56:12</dc:date>
        <dc:description/>
        <dc:source>http://openclipart.org/detail/168768/scale-by-a-doi</dc:source>
        <dc:creator>
          <cc:Agent>
            <dc:title>a-doi</dc:title>
          </cc:Agent>
        </dc:creator>
        <dc:subject>
          <rdf:Bag>
            <rdf:li>clip art</rdf:li>
            <rdf:li>clipart</rdf:li>
            <rdf:li>law</rdf:li>
            <rdf:li>liberty</rdf:li>
            <rdf:li>scale</rdf:li>
            <rdf:li>waga</rdf:li>
            <rdf:li>weigh</rdf:li>
            <rdf:li>weight</rdf:li>
          </rdf:Bag>
        </dc:subject>
      </cc:Work>
      <cc:License rdf:about="http://creativecommons.org/licenses/publicdomain/">
        <cc:permits rdf:resource="http://creativecommons.org/ns#Reproduction"/>
        <cc:permits rdf:resource="http://creativecommons.org/ns#Distribution"/>
        <cc:permits rdf:resource="http://creativecommons.org/ns#DerivativeWorks"/>
      </cc:License>
    </rdf:RDF>
  </metadata>
</svg>
