<?xml version="1.0" encoding="UTF-8" standalone="no"?>
<!-- Created with Inkscape (http://www.inkscape.org/) -->

<svg
   xmlns:dc="http://purl.org/dc/elements/1.1/"
   xmlns:cc="http://creativecommons.org/ns#"
   xmlns:rdf="http://www.w3.org/1999/02/22-rdf-syntax-ns#"
   xmlns:svg="http://www.w3.org/2000/svg"
   xmlns="http://www.w3.org/2000/svg"
   xmlns:sodipodi="http://sodipodi.sourceforge.net/DTD/sodipodi-0.dtd"
   xmlns:inkscape="http://www.inkscape.org/namespaces/inkscape"
   version="1.1"
   inkscape:version="0.48.1 "
   viewBox="0 0 578.19281 575.24774"
   width="100%"
   height="100%"
   sodipodi:docname="New document 1">
  <defs
     id="defs4" />
  <sodipodi:namedview
     id="base"
     pagecolor="#ffffff"
     bordercolor="#666666"
     borderopacity="1.0"
     inkscape:pageopacity="0.0"
     inkscape:pageshadow="2"
     inkscape:zoom="0.49497475"
     inkscape:cx="32.14751"
     inkscape:cy="307.28725"
     inkscape:document-units="px"
     inkscape:current-layer="layer1"
     showgrid="false"
     fit-margin-top="0"
     fit-margin-left="0"
     fit-margin-right="0"
     fit-margin-bottom="0"
     inkscape:window-width="1280"
     inkscape:window-height="1002"
     inkscape:window-x="-8"
     inkscape:window-y="-8"
     inkscape:window-maximized="1" />
  <metadata
     id="metadata7">
    <rdf:RDF>
      <cc:Work
         rdf:about="">
        <dc:format>image/svg+xml</dc:format>
        <dc:type
           rdf:resource="http://purl.org/dc/dcmitype/StillImage" />
        <dc:title></dc:title>
      </cc:Work>
    </rdf:RDF>
  </metadata>
  <g
     inkscape:label="Layer 1"
     inkscape:groupmode="layer"
     id="layer1"
     transform="translate(-63.794028,-139.20278)">
    <path
       style="fill:#000000;fill-opacity:1;stroke:none"
       d="m 496.18241,673.47718 c -29.55486,21.73036 -68.48899,34.75542 -99.42443,39.20952 -14.59266,2.10106 -41.44246,2.36924 -52.16275,0.56627 -38.2349,-6.43048 -74.56429,-29.87058 -96.1788,-62.05557 -17.48073,-26.02958 -24.99789,-51.05547 -24.79146,-82.53489 0.39956,-60.93021 37.35556,-113.65154 95.12899,-135.71076 8.30408,-3.1707 26.16279,-6.97503 41.99207,-8.94532 21.48659,-2.67447 45.7054,-12.52834 65.24921,-26.54782 10.00081,-7.17395 27.09198,-24.87239 34.1776,-35.39195 8.00578,-11.88568 16.24692,-30.01961 20.36402,-44.80925 3.31486,-11.90786 3.57601,-14.59161 3.57601,-36.74917 0,-22.15755 -0.26115,-24.8413 -3.57601,-36.74916 -7.30563,-26.2437 -20.51959,-48.64749 -39.46422,-66.91017 -23.89808,-23.0378 -48.30849,-29.46851 -81.41391,-34.03648 l -18.41428,-1.06883 18.41428,-0.67127 c 13.79024,-0.5027 41.92787,3.72096 57.60723,6.29438 70.33307,11.5436 120.47981,52.04588 148.97784,104.17489 38.44194,70.31854 51.85385,126.39731 54.7693,204.31429 3.25161,86.90088 -94.74771,195.50264 -124.83069,217.62129 z"
       id="path3778"
       inkscape:connector-curvature="0"
       sodipodi:nodetypes="sssssssssssssccsssss" />
    <path
       id="path2998"
       style="fill:#000000;fill-opacity:1;stroke:none"
       d="m 124.22214,517.92491 c -0.68168,-1.65409 -1.99175,-4.83974 -3.90278,-5.95443 0,0 -5.08979,0.0425 -5.38998,-1.35085 -0.53301,-2.47401 4.4679,-3.25278 6.37936,-7.52245 8.70076,-19.4351 6.86585,-7.61546 6.86585,-3.1203 0,2.99839 2.50359,5.35041 5.69521,5.35041 1.42684,0 4.77946,-2.1338 7.45027,-4.74177 3.48228,-3.40036 7.25249,-15.20491 6.41906,-3.08571 -0.30361,4.41498 0.80194,13.41176 0.90259,18.20089 0.18871,8.97952 0.95909,8.12503 -6.54622,1.26 -4.79079,-4.38208 -8.55888,-3.93343 -11.33678,0.64119 -3.82318,6.29598 -3.43022,7.8606 -6.53658,0.32302 z M 395.08999,300.63668 c -2.27766,-12.14098 -11.77883,-30.46494 -13.69708,-30.46494 0,0 -1.58839,1.6203 0.18937,16.00435 1.31718,10.65738 1.83376,12.11227 5.44247,15.32819 2.19293,1.95424 5.09133,3.55317 6.44087,3.55317 2.09374,0 2.33204,-0.64855 1.62437,-4.42077 z M 253.50475,697.81383 c -19.02231,-7.17749 -44.85365,-20.38722 -60.08095,-30.72445 -11.78231,-7.99855 -12.89765,-9.10758 -12.65971,-12.58813 1.9768,-28.91662 1.96218,-32.63671 -0.16963,-43.1576 -1.21081,-5.97563 -2.99656,-12.4023 -3.96834,-14.28149 -5.65189,-10.92955 -9.42742,-5.85739 -7.32904,9.84608 0.74444,5.5711 1.12436,10.35846 0.84426,10.63855 -1.31707,1.31707 -4.85212,-1.60275 -10.21864,-8.44026 -13.57039,-17.29008 -20.69369,-36.60411 -20.91401,-59.20603 -0.0786,-8.06209 0.8239,-15.27662 0.99033,-16.89011 0.61546,-5.96657 1.06078,-5.49416 6.2895,5.99583 5.69011,12.50389 9.55172,16.69979 12.77984,16.23954 2.31848,-0.33055 2.75533,-1.8592 2.68926,-6.18791 -0.0434,-2.84254 -1.88071,-10.55683 -3.20993,-16.59723 -2.70581,-12.29598 -3.39895,-41.04482 -1.48752,-61.69603 0.91016,-9.83332 1.77242,-13.55872 0.3058,-13.55872 -0.98041,0 -7.38885,6.25856 -13.04058,11.94364 -14.24533,14.32938 -19.03986,21.41431 -7.38147,-4.10208 6.42074,-14.05288 12.87069,-20.33235 30.864,-36.0843 23.59783,-20.65832 28.92452,-25.67642 33.66748,-33.95493 2.47037,-4.31186 4.22143,-12.05346 4.22198,-13.96576 5.6e-4,-1.91231 0.22814,-3.52637 0.23899,-4.43064 0.055,-4.58257 6.71868,1.14203 11.8023,3.48521 11.94645,5.50648 20.51324,6.31071 27.77264,2.60723 5.45064,-2.7807 18.78154,-18.27032 18.78154,-21.61043 0,-2.35042 -2.85903,1.71283 -8.60675,4.64509 -7.89035,4.02536 -16.33475,5.96538 -23.75171,5.03868 -3.92046,-0.48982 -9.53099,-2.22236 -9.52776,-3.09287 0.003,-0.83715 7.60961,-3.76974 13.62931,-6.84421 10.68632,-5.45791 18.1831,-11.47864 18.1831,-15.36612 0,-1.06349 -6.19504,-6.99603 -11.91158,-12.96517 -11.58807,-12.10011 -14.8485,-17.81116 -15.60798,-30.21237 -0.25575,-4.17601 0.43132,-9.80804 -0.16617,-9.80804 -2.02328,0 -7.78032,12.17511 -12.45882,28.23232 -11.73378,40.27179 -19.26636,57.81139 -29.96222,69.94863 -11.57607,13.13605 -28.70738,19.22203 -47.22934,17.5308 -24.12071,-2.20245 -26.43111,-5.36818 -13.96588,-4.96525 1.12852,0.0365 6.44723,-0.72105 11.84926,-1.86618 18.80194,-3.98563 38.06579,-15.78261 50.61415,-30.99557 8.99404,-10.90389 15.36927,-22.7727 15.48546,-30.26186 0.17813,-11.48235 -7.02437,-6.47462 -26.84306,17.3314 -6.55773,7.87709 -14.25618,16.16979 -17.10767,18.42821 -8.20853,6.50128 -25.35805,12.55985 -25.35805,10.55776 0,-0.40846 6.00106,-6.10199 11.15317,-11.77924 22.74672,-25.06526 37.56167,-49.10476 37.71234,-61.19396 0.0713,-5.72123 -0.24799,-6.50701 -2.79091,-6.86852 -4.3216,-0.61435 -14.76654,9.91069 -24.53023,24.71832 -4.6058,6.98516 -11.8814,21.51451 -12.23942,21.15649 -0.35802,-0.35803 10.22761,-33.60567 19.59504,-62.75271 9.36743,-29.14703 18.93503,-56.90002 18.64229,-58.18123 -0.93825,-4.10628 -38.34324,35.33571 -49.23274,51.71341 -10.31219,15.50941 -28.13539,47.43258 -27.10171,48.46626 0.37801,0.37801 15.51502,-22.18352 25.78067,-35.95022 18.74798,-25.14191 31.06287,-39.75658 32.40011,-38.45078 0.39529,0.38599 -3.22275,6.20028 -8.04008,12.92063 -28.65626,39.97654 -45.52554,80.51428 -52.72075,126.69071 -3.147385,20.1988 -3.138611,61.76182 0.0176,83.21383 7.15989,48.6647 23.83595,94.94335 53.19276,147.61826 3.26743,5.86274 8.91959,14.76666 8.19529,14.76666 -2.02371,0 -23.58133,-22.77247 -34.07522,-35.76269 C 101.89163,575.03506 81.769147,534.3877 72.186809,494.99078 38.002385,354.44461 110.77117,211.28015 244.47039,156.04205 c 14.81747,-6.12187 50.57342,-17.29718 54.62511,-16.82476 2.61792,0.30525 -8.99372,5.18205 -20.08331,11.08348 -45.41886,24.1701 -71.86788,52.81125 -79.19897,85.7631 -2.55208,11.47115 -1.98003,28.24434 1.22488,35.91478 2.40449,5.75476 3.85928,5.8642 6.0376,0.4542 7.45948,-18.52602 27.02173,-37.43217 46.42905,-44.87187 9.35414,-3.58587 14.70099,-6.09718 -3.23015,-6.43949 -9.42901,-0.18 -15.45894,3.47986 -27.75084,15.9618 -15.50545,15.74516 -20.71669,20.58981 -9.14138,-2.78932 5.72309,-11.55917 13.62118,-21.21674 20.69062,-24.8233 7.47966,-3.81584 13.84352,-5.04307 36.92825,-7.12138 26.02639,-2.34315 44.96669,-4.48328 46.37355,-5.77044 0.56168,-0.51388 -4.00496,-2.42883 -6.76514,-4.25542 -5.86022,-3.87812 -10.00314,-8.44351 -9.27877,-17.31363 1.17234,-14.35558 2.25071,-10.13026 3.4774,-7.05113 2.29342,5.75668 10.13166,11.85227 20.1835,15.69614 15.0656,5.76117 20.22192,9.09489 29.1681,18.85807 4.34799,4.74506 8.8103,10.56574 8.89458,11.1204 0.95169,6.26316 -0.17116,-7.3142 -0.93453,-11.44363 -4.01166,-21.70095 -20.1827,-40.32006 -42.07391,-48.44325 -4.26381,-1.58218 -16.0726,-3.8073 -16.74771,-4.39909 -2.03023,-1.77967 20.04146,-0.72865 28.79613,1.33525 24.17172,5.69844 38.61376,20.01895 46.17697,45.78837 1.55567,5.30051 3.06851,12.01488 3.68925,12.19264 0.89014,0.25492 2.7196,-2.81281 5.06892,-6.6388 3.13293,-5.10211 7.2893,-8.74522 7.12479,-14.89128 -0.178,-6.65002 0.0686,-14.04285 2.96774,-3.59827 1.6072,5.79016 2.45114,13.527 0.41578,32.27605 0,0 -2.01711,12.80583 -2.09135,19.2647 -0.019,1.65472 5.90688,11.52185 5.90688,11.52185 3.24879,6.33701 5.54974,9.72098 5.90688,12.87706 0.0403,0.35654 -0.16598,2.54275 -1.25465,3.11094 -1.17283,0.61211 -3.30182,-0.37858 -4.11836,0.36075 -1.09555,0.99196 -1.0873,2.50632 -1.0873,17.65562 0,17.74723 3.06522,23.64775 8.01446,24.48606 7.81121,1.32307 12.8724,8.11619 7.28294,14.91487 -3.37782,4.10858 -1.11235,4.80501 1.8137,9.7822 6.47155,11.00801 14.67319,18.79062 18.0392,19.23711 5.68317,0.75385 6.45322,1.96109 6.84259,8.04932 0.56201,8.7875 -5.13987,18.24154 -14.98245,27.35402 -4.27723,3.95997 -8.42361,6.7535 -9.23402,7.64636 -0.74156,0.817 -5.08723,7.55592 -0.82714,-5.60159 1.51475,-4.6784 -1.56844,-8.12606 -4.67065,-12.18183 -4.05445,-5.30072 -5.08415,-12.59769 -2.88656,-20.45586 0.68404,-2.44601 3.00184,-5.70849 1.04841,-5.94596 -0.84673,-0.10293 -4.23621,2.39278 -6.01461,2.39278 -4.87324,0 -6.08306,-0.47115 -6.63562,-2.58412 -0.21293,-0.81424 3.19794,-4.10344 2.03013,-4.51675 -1.24409,-0.44031 -6.55863,2.82548 -8.13877,2.02191 -1.87438,-0.95321 -1.1755,-1.10319 -1.97918,-3.21703 -0.42091,-1.10708 -0.26144,-4.337 -0.84188,-4.7365 -0.59983,-0.41284 -1.94739,2.02719 -2.87024,2.26852 -3.14423,0.82224 -8.58039,-1.54623 -8.58039,-3.97468 0,-1.51049 2.41473,-5.57638 1.64479,-5.62544 -1.39365,-0.0888 -6.45963,3.18488 -9.84545,4.26422 -17.38941,5.54344 -32.47546,-8.48012 -32.50775,-28.66812 -0.0101,-6.30551 0.76995,-9.43191 3.78121,-15.1564 2.0866,-3.96671 6.30512,-8.51845 5.66415,-8.9146 -1.62008,-1.00125 -13.94608,4.82845 -22.15446,10.95808 -3.7852,2.8266 -9.83714,8.97005 -10.17494,8.63224 -0.3378,-0.3378 5.29239,-9.46197 9.23774,-15.25609 3.94534,-5.79411 9.22693,-12.08694 9.22693,-12.78366 0,-0.70602 -3.685,-0.41698 -5.28373,0.5261 -15.77581,9.30607 -8.06007,0.95066 -0.56238,-4.17182 0,0 9.63369,-5.68414 10.43563,-6.68771 1.00969,-1.26354 -0.12101,-2.89033 -1.6133,-3.55157 -9.87343,-4.375 -21.79879,-1.01261 -30.02184,8.59418 -14.38024,16.80006 -10.28785,39.54562 12.18426,67.72051 12.36112,15.49801 17.12028,20.95385 17.58519,29.83516 0.39347,7.51663 -0.21326,4.96568 9.00374,11.03499 0,0 3.69869,3.93291 5.20933,3.64299 2.3998,-0.46056 4.76165,-6.45241 4.76165,-6.45241 4.86988,-5.88763 12.67008,-7.01464 14.20703,-2.34702 1.89454,5.75361 2.50139,6.50529 -0.18733,5.40602 -0.88829,-0.36318 -3.7933,-2.49758 -5.0369,-2.9971 -2.42259,-0.97308 -4.70687,3.45574 -3.19894,5.08829 2.21531,2.39842 3.68825,-1.85151 4.65825,0.57064 0.2861,0.7144 -0.0271,1.69158 0.99144,2.00178 1.85271,0.56424 5.59811,0.0681 7.47113,0.0849 9.92757,0.0893 13.19067,3.67924 14.6658,8.21375 3.9151,12.03491 3.78077,11.25452 -2.89489,4.4636 -3.20753,-3.26291 -10.72331,-4.91896 -4.14192,2.6318 2.37917,2.7296 1.16479,8.877 0.20349,11.11709 -0.89702,2.0903 -1.44382,3.03654 -2.45982,0.82073 -0.32062,-0.69925 -0.59431,-2.75053 -1.17026,-3.79232 -2.78609,-5.0395 -11.16154,-8.71952 -13.83482,-6.50091 -0.96873,0.80398 -2.14176,4.01208 -2.58736,5.82439 -1.17119,4.76338 -1.42685,5.247 -2.97875,2.79833 -0.85161,-1.34372 -1.617,-5.07122 -1.617,-9.58387 0,0 0.92551,-6.70386 0.26786,-7.21601 -0.76822,-0.59825 -4.86421,0.26786 -4.86421,0.26786 -2.48493,0.46465 -8.66319,-1.20892 -13.7653,-1.51422 -2.13045,-0.12748 -5.63565,-3.01747 -8.54394,-1.96065 -1.52003,0.55235 -3.78892,4.12471 -3.78892,4.12471 -3.70252,4.30444 -3.43088,8.97952 1.06087,18.25826 1.53787,3.17679 4.75298,8.46199 4.30739,8.90758 -0.44559,0.44559 -5.17902,-2.48762 -7.68143,-3.68094 -2.50242,-1.19331 -5.9898,-2.79466 -8.40453,-2.79466 -4.56413,0 -9.2377,2.92752 -11.23393,11.19509 -0.69216,2.86663 -2.55344,3.5989 -7.68938,4.24773 -12.10218,1.5289 -15.23785,3.02615 -23.37108,11.15938 -8.81986,8.81985 -19.44035,22.68883 -28.18038,40.56407 -12.65316,25.87845 -11.5622,22.03918 -5.80545,-1.17822 1.08532,-4.37717 1.1681,-10.15094 1.40671,-12.65951 1.42857,-15.01922 3.25124,-13.46245 10.83045,-18.31081 8.2654,-5.28732 11.13463,-9.00521 11.13463,-14.42801 0,-4.81808 -5.12248,-10.31811 -10.81062,-11.45573 -8.27707,-1.65542 -12.44652,6.27109 -12.44652,19.13481 0,6.4252 0.50512,6.66451 -4.35107,10.70103 -5.89293,4.89827 -13.9303,18.82101 -15.00618,29.36285 -1.55996,15.28511 -3.86637,20.67226 -5.55805,-7.95151 -0.34632,-5.85991 0.26899,-14.00062 -0.21121,-14.48081 -1.38951,-1.38953 -9.13839,8.60523 -12.88581,15.49048 -4.86705,8.94237 -8.12844,19.06584 -9.92669,30.81279 l -1.55358,10.14859 7.30784,10.98298 c 8.5914,12.91209 15.90797,28.17631 17.11059,35.69707 1.10866,6.93325 -0.66104,6.8914 -6.04473,-0.14298 -5.64019,-7.36953 -16.95353,-19.05794 -18.44639,-19.05794 -2.35648,0 0.0735,31.06826 3.68862,47.16032 3.49434,15.5544 11.06097,37.40505 13.96235,40.31994 0.85294,0.85691 6.20224,3.18262 11.88732,5.16825 5.68508,1.98562 13.90794,5.58325 13.90794,6.24872 0,0.66546 -5.4311,0.3355 -7.74082,0.86175 -7.49911,1.70861 -7.55157,5.14106 -4.34842,11.75787 5.23028,10.80431 26.54583,32.20437 43.08051,43.25131 4.79678,3.20477 15.06072,9.15725 15.06072,9.40832 0,1.5599 -13.95705,-3.42925 -25.72025,-7.86772 z"
       inkscape:connector-curvature="0"
       sodipodi:nodetypes="scsssssssssssssssscssssscsssssssssssssssssssscsssssssscsssssssssssssssssssssssssssssssssssssssssssssssscsssccccsssssssssssssssssssssssssscscssscssssscscsssssscssssssssscscsscssssssssssssssssscsscsssssssssssscc" />
    <path
       id="path2998-4"
       style="fill:#ffffff;fill-opacity:1;stroke:none"
       d="m 579.38814,329.2448 c 0.71922,1.63812 2.10155,4.79308 4.03749,5.86393 0,0 5.0875,-0.15851 5.41937,1.22765 0.58926,2.46122 -4.3926,3.35377 -6.20624,7.6659 -8.25552,19.62837 -6.6905,7.76997 -6.79295,3.27598 -0.0683,-2.99761 -2.62489,-5.29195 -5.81568,-5.21921 -1.42647,0.0325 -4.72958,2.24219 -7.34025,4.91035 -3.40388,3.47886 -6.90405,15.36627 -6.34707,3.23122 0.2029,-4.42075 -1.10742,-13.39 -1.3172,-18.17559 -0.39333,-8.97289 -1.14403,-8.10106 6.5158,-1.40887 4.88942,4.27173 8.64631,3.73732 11.31922,-0.89943 3.67868,-6.38148 3.25016,-7.93674 6.52751,-0.47192 z M 313.54328,552.65043 c 2.5538,12.08591 11.2078,30.21733 14.38791,30.14482 1.60715,-0.0366 1.55105,-1.65607 -0.5541,-15.99587 -1.55976,-10.62459 -2.10936,-12.06732 -5.79043,-15.20016 -2.23691,-1.90375 -5.171,-3.43619 -6.52019,-3.40544 -2.09319,0.0477 -2.31665,0.70154 -1.52319,4.45665 z m 132.49566,-400.3011 c 19.18096,6.74205 45.30668,19.35958 60.76565,29.34705 11.96155,7.72792 13.10188,8.81124 12.94334,12.29632 -1.3172,28.95416 -1.21779,32.67295 1.15326,43.14251 1.3467,5.94649 3.27847,12.33078 4.29283,14.18733 5.89954,10.79789 9.55848,5.64099 7.10271,-10.01057 -0.87123,-5.55268 -1.36016,-10.33014 -1.08652,-10.61654 1.28671,-1.34675 4.88739,1.49174 10.40836,8.20515 13.96096,16.97628 21.52263,36.12293 22.25805,58.71396 0.26235,8.05821 -0.47549,15.29143 -0.60509,16.9083 -0.47931,5.97904 -0.93528,5.51691 -6.42453,-5.85092 -5.97364,-12.37095 -9.92987,-16.47774 -13.14667,-15.94403 -2.31034,0.38331 -2.71224,1.92152 -2.54751,6.2476 0.10817,2.84081 2.12083,10.51121 3.58739,16.51975 2.98536,12.23111 4.33359,40.95668 2.89336,61.64609 -0.6858,9.85152 -1.46292,13.59561 0.003,13.56218 0.98016,-0.0224 7.24428,-6.42535 12.76496,-12.23777 13.91502,-14.65035 18.54683,-21.84273 7.47306,3.93277 -6.09878,14.19557 -12.40393,20.62042 -30.03352,36.77841 -23.12084,21.19081 -28.33177,26.32901 -32.88481,34.71348 -2.37144,4.36704 -3.9456,12.14655 -3.90257,14.05836 0.043,1.91183 -0.1477,3.53065 -0.13794,4.43494 0.0495,4.58263 -6.74295,-0.9886 -11.87866,-3.2153 -12.06886,-5.23276 -20.65175,-5.84152 -27.82485,-1.97353 -5.38585,2.90421 -18.36023,18.69365 -18.28411,22.03289 0.0536,2.34981 2.81925,-1.77755 8.49865,-4.84005 7.79655,-4.20416 16.19453,-6.33615 23.63069,-5.57874 3.93061,0.40033 9.57917,2.00455 9.59578,2.8749 0.0161,0.837 -7.52171,3.94221 -13.46978,7.15309 -10.55913,5.70005 -17.91673,11.8901 -17.82813,15.77657 0.0242,1.06321 6.35289,6.85301 12.204,12.6903 11.86085,11.83284 15.25061,17.46809 16.29255,29.84876 0.35087,4.16911 -0.20765,9.81534 0.38968,9.80172 2.02276,-0.0461 7.50079,-12.34929 11.81208,-28.50896 10.81283,-40.52878 17.94368,-58.23551 28.36012,-70.61338 11.27365,-13.3965 28.26179,-19.87136 46.81749,-18.60275 24.16465,1.65211 26.5466,4.76435 14.07542,4.64565 -1.12906,-0.0108 -6.42912,0.86781 -11.80364,2.13577 -18.70622,4.41314 -37.69617,16.64614 -49.89453,32.14115 -8.74317,11.10606 -14.84622,23.1171 -14.79168,30.60697 0.0836,11.48342 7.17012,6.31283 26.44105,-17.93873 6.37649,-8.02451 13.88393,-16.49053 16.6832,-18.81336 8.05822,-6.68669 25.06519,-13.13457 25.11082,-11.133 0.009,0.40835 -5.86042,6.23719 -10.8818,12.0304 -22.16949,25.5772 -36.43267,49.94814 -36.30775,62.03762 0.0591,5.72138 0.39624,6.49968 2.94674,6.80313 4.33448,0.51569 14.53682,-10.24469 23.96046,-25.27101 4.44539,-7.08833 11.38794,-21.77973 11.75402,-21.42997 0.36608,0.34978 -9.45899,33.83006 -18.15964,63.18304 -8.70065,29.35297 -17.63319,57.31681 -17.31133,58.59101 1.0316,4.08384 37.52788,-36.20047 48.04126,-52.82212 9.956,-15.74042 27.04696,-48.06154 25.98998,-49.07139 -0.38652,-0.36929 -15.00536,22.53139 -24.95456,36.52849 -18.17005,25.56271 -30.14864,40.45426 -31.51529,39.17929 -0.40398,-0.37688 3.08059,-6.27213 7.74349,-13.10053 27.73764,-40.61931 43.67856,-81.53102 49.81941,-127.85946 2.68618,-20.26528 1.73007,-61.81731 -1.91427,-83.19181 -8.26724,-48.48886 -25.99379,-94.3754 -56.54359,-146.36749 -3.40021,-5.78675 -9.25385,-14.55952 -8.52974,-14.57603 2.0232,-0.0461 24.09426,22.22907 34.88151,34.97673 26.34003,31.12694 47.38377,71.30509 57.86158,110.47337 37.37899,139.73049 -32.10777,284.51636 -164.51321,342.78749 -14.67409,6.45802 -50.16604,18.4454 -54.22744,18.06545 -2.6242,-0.2455 8.87326,-5.38569 19.82546,-11.53835 44.85616,-25.19905 70.6455,-54.43561 77.22361,-87.54599 2.28996,-11.52633 1.33575,-28.28212 -2.04316,-35.87753 -2.53503,-5.69845 -3.99194,-5.7747 -6.04638,-0.31646 -7.03529,18.69123 -26.16152,38.03833 -45.39424,45.91846 -9.26997,3.79814 -14.5582,6.43067 3.37609,6.36418 9.43066,-0.035 15.37561,-3.8313 27.37982,-16.59017 15.14255,-16.09447 20.24201,-21.05664 9.20258,2.58023 -5.45814,11.68662 -13.13405,21.5217 -20.11945,25.28846 -7.39075,3.98532 -13.72498,5.3573 -36.75634,7.96123 -25.96622,2.93576 -44.85282,5.50704 -46.22998,6.82592 -0.54982,0.52656 4.05928,2.33692 6.86038,4.10012 5.94708,3.74354 10.19299,8.21332 9.67099,17.09764 -0.84484,14.37857 -2.01924,10.17893 -3.31579,7.12856 -2.42403,-5.7029 -10.39917,-11.61826 -20.53601,-15.23202 -15.193,-5.41628 -20.42397,-8.63161 -29.59036,-18.18835 -4.45501,-4.64472 -9.04883,-10.36218 -9.14574,-10.91477 -1.09418,-6.23985 0.33784,7.30839 1.19513,11.41935 4.50525,21.60388 21.09646,39.84957 43.16714,47.47169 4.29876,1.48458 16.1552,3.43996 16.84362,4.01625 2.07026,1.73293 -20.01965,1.18527 -28.81909,-0.67856 -24.29532,-5.14601 -39.06001,-19.13363 -47.20862,-44.72397 -1.67608,-5.26367 -3.34156,-11.94181 -3.9662,-12.10538 -0.8957,-0.23462 -2.65478,2.87407 -4.91628,6.75261 -3.01583,5.17219 -7.08808,8.9091 -6.78352,15.04981 0.32952,6.64423 0.25149,14.04076 -2.88496,3.66498 -1.73876,-5.75203 -2.75882,-13.46762 -1.15134,-32.25819 0,0 1.72471,-12.84848 1.65172,-19.30737 -0.0187,-1.65472 -6.16797,-11.3842 -6.16797,-11.3842 -3.39238,-6.26133 -5.76986,-9.59197 -6.19885,-12.73909 -0.0484,-0.35553 0.10799,-2.54587 1.18342,-3.13873 1.15857,-0.63868 3.30959,0.30323 4.10906,-0.45453 1.07267,-1.01667 1.0299,-2.53044 0.6846,-17.67581 -0.40451,-17.74262 -3.60342,-23.57174 -8.57048,-24.29703 -7.83934,-1.14468 -13.05405,-7.82068 -7.621,-14.74499 3.28329,-4.18451 1.00254,-4.82912 -2.0362,-9.73832 -6.72077,-10.85765 -15.09766,-18.45129 -18.47298,-18.82095 -5.69887,-0.62411 -6.49624,-1.81349 -7.02427,-7.89127 -0.76216,-8.7724 4.72276,-18.35395 14.35507,-27.6884 4.18587,-4.05643 8.26749,-6.94374 9.05735,-7.85484 0.72274,-0.83369 4.91368,-7.66991 0.95459,5.58128 -1.40771,4.7117 1.75326,8.0882 4.9471,12.0722 4.17422,5.20694 5.36997,12.47854 3.35206,20.38476 -0.62816,2.46096 -2.87095,5.77542 -0.91262,5.96831 0.84886,0.0836 4.18058,-2.48872 5.95851,-2.52925 4.87198,-0.11108 6.09222,0.33237 6.6928,2.4322 0.23144,0.80918 -3.10358,4.17527 -1.92665,4.56185 1.2538,0.41185 6.49253,-2.97423 8.09057,-2.20689 1.89562,0.91025 1.20034,1.07612 2.05199,3.17108 0.44604,1.0972 0.36022,4.32992 0.94962,4.71609 0.60909,0.39906 1.90067,-2.07105 2.81779,-2.33336 3.12467,-0.89369 8.6134,1.35026 8.66875,3.77808 0.0344,1.5101 -2.287,5.62997 -1.51614,5.66147 1.39531,0.057 6.38536,-3.33129 9.7457,-4.48752 17.25854,-5.93835 32.66031,7.73771 33.15273,27.91973 0.15382,6.30364 -0.55477,9.44701 -3.43477,15.23865 -1.99564,4.01324 -6.10932,8.65995 -5.45948,9.04138 1.64248,0.96407 13.83239,-5.14506 21.89893,-11.4602 3.71979,-2.91213 9.63013,-9.19193 9.97554,-8.86191 0.34542,0.33001 -5.07535,9.58014 -8.8876,15.46269 -3.81226,5.88253 -8.94904,12.2941 -8.93316,12.99064 0.0161,0.70583 3.69354,0.33288 5.27036,-0.64639 15.5596,-9.66323 8.03631,-1.13413 0.65732,4.15791 0,0 -9.50162,5.90225 -10.28049,6.92383 -0.98062,1.28623 0.18686,2.88683 1.69384,3.51388 9.97058,4.14882 21.8162,0.51549 29.81815,-9.27623 13.99359,-17.12346 9.38382,-39.76984 -13.72464,-67.4252 -12.71115,-15.21224 -17.59343,-20.55819 -18.26065,-29.42659 -0.56469,-7.50571 0.10002,-4.96926 -9.25292,-10.82691 0,0 -3.78737,-3.84758 -5.29101,-3.52331 -2.38868,0.51514 -4.61334,6.55927 -4.61334,6.55927 -4.73442,5.9971 -12.50691,7.30161 -14.14985,2.67022 -2.02519,-5.70892 -2.64901,-6.44658 0.0641,-5.40888 0.89634,0.34284 3.84924,2.41047 5.10391,2.88152 2.44413,0.91761 4.62687,-3.56213 3.08212,-5.15988 -2.2694,-2.3473 -3.64509,1.93509 -4.67004,-0.46432 -0.30231,-0.70769 -0.0115,-1.69176 -1.03681,-1.97866 -1.86509,-0.52187 -5.59821,0.0595 -7.47112,0.0854 -9.92703,0.137 -13.27111,-3.37764 -14.84921,-7.87734 -4.18839,-11.94255 -4.03631,-11.16542 2.7924,-4.52842 3.28107,3.18895 10.83264,4.67326 4.08086,-2.72552 -2.44077,-2.67467 -1.36682,-8.84815 -0.45683,-11.10957 0.84914,-2.1102 1.37424,-3.06866 2.44047,-0.87658 0.33648,0.69176 0.65685,2.73627 1.2564,3.76466 2.90023,4.97468 11.35739,8.46285 13.9794,6.18388 0.95015,-0.82585 2.04976,-4.05985 2.45393,-5.88184 1.06231,-4.78884 1.30688,-5.27817 2.91419,-2.8655 0.88203,1.32396 1.73217,5.03304 1.83503,9.54452 0,0 -0.77247,6.72322 -0.10332,7.22024 0.78166,0.58059 4.85684,-0.37866 4.85684,-0.37866 2.4737,-0.52116 8.6885,1.01115 13.79624,1.20007 2.1328,0.0789 5.70297,2.88824 8.58641,1.7654 1.50704,-0.58685 3.69393,-4.20999 3.69393,-4.20999 3.60344,-4.38772 3.22531,-9.05538 -1.47676,-18.22934 -1.60988,-3.14091 -4.94462,-8.35145 -4.5093,-8.80709 0.43532,-0.45563 5.23437,2.36893 7.76334,3.50491 2.52896,1.13595 6.05193,2.65741 8.46604,2.60237 4.56294,-0.10403 9.16858,-3.13732 10.97584,-11.44824 0.62661,-2.88167 2.47075,-3.65616 7.59057,-4.42189 12.06419,-1.80434 15.16492,-3.37267 23.11065,-11.68918 8.61654,-9.01858 18.91815,-23.12603 27.24849,-41.19584 12.06003,-26.16013 11.05686,-22.29699 5.83079,1.0456 -0.98522,4.40078 -0.93642,10.17493 -1.11779,12.68828 -1.08587,15.04788 -2.94355,13.53306 -10.41028,18.55291 -8.14274,5.47434 -10.92649,9.25666 -10.80288,14.67805 0.10981,4.81683 5.35633,10.19867 11.06892,11.20635 8.31265,1.46633 12.30034,-6.55315 12.00715,-19.41353 -0.14646,-6.42353 -0.6569,-6.65126 4.10603,-10.79742 5.77975,-5.03131 13.49769,-19.13363 14.33301,-29.69725 1.21117,-15.3167 3.39419,-20.75503 5.73785,7.82275 0.47979,5.8505 0.0502,14.00311 0.54121,14.47224 1.42082,1.35749 8.93988,-8.81129 12.5294,-15.78016 4.66196,-9.05098 7.69175,-19.24616 9.22179,-31.03105 l 1.32187,-10.18136 -7.55628,-10.81356 c -8.88347,-12.71292 -16.54606,-27.8064 -17.91978,-35.2978 -1.2664,-6.90618 0.50379,-6.90468 6.04642,0.005 5.80669,7.23906 17.38351,18.66657 18.87598,18.63254 2.35587,-0.0537 -0.78162,-31.05851 -4.76258,-47.064 -3.84796,-15.4707 -11.91067,-37.14321 -14.87773,-39.99122 -0.87225,-0.83724 -6.27317,-3.04042 -12.00204,-4.89596 -5.72886,-1.85552 -14.03158,-5.26479 -14.04674,-5.93009 -0.0152,-0.66529 5.42203,-0.45921 7.71916,-1.03797 7.45822,-1.87909 7.43243,-5.31184 4.0793,-11.85392 -5.47518,-10.68229 -27.27297,-31.59095 -44.05514,-42.25815 -4.86858,-3.0946 -15.26553,-8.8116 -15.27125,-9.0626 -0.0356,-1.55949 14.03159,3.11024 25.8929,7.27944 z"
       inkscape:connector-curvature="0"
       sodipodi:nodetypes="scsssssssssssssssscssssscsssssssssssssssssssscsssssssscsssssssssssssssssssssssssssssssssssssssssssssssscsssccccsssssssssssssssssssssssssscscssscssssscscsssssscssssssssscscsscssssssssssssssssscsscsssssssssssscc" />
  </g>
</svg>
