<?xml version="1.0" encoding="UTF-8" standalone="no"?>
<!-- Created with Inkscape (http://www.inkscape.org/) -->

<svg
   xmlns:dc="http://purl.org/dc/elements/1.1/"
   xmlns:cc="http://creativecommons.org/ns#"
   xmlns:rdf="http://www.w3.org/1999/02/22-rdf-syntax-ns#"
   xmlns:svg="http://www.w3.org/2000/svg"
   xmlns="http://www.w3.org/2000/svg"
   xmlns:sodipodi="http://sodipodi.sourceforge.net/DTD/sodipodi-0.dtd"
   xmlns:inkscape="http://www.inkscape.org/namespaces/inkscape"
   id="svg2"
   version="1.1"
   inkscape:version="0.48.3.1 r9886"
   xml:space="preserve"
   sodipodi:docname="svg.svg"
   width="100%"
   viewBox="0 0 298.45 757.96252"
   height="100%"><metadata
     id="metadata8"><rdf:RDF><cc:Work
         rdf:about=""><dc:format>image/svg+xml</dc:format><dc:type
           rdf:resource="http://purl.org/dc/dcmitype/StillImage" /><dc:title></dc:title></cc:Work></rdf:RDF></metadata><defs
     id="defs6"><clipPath
       clipPathUnits="userSpaceOnUse"
       id="clipPath18"><path
         d="M 0,6063.67 0,0 l 2387.58,0 0,6063.67 -2387.58,0 z"
         id="path20"
         inkscape:connector-curvature="0" /></clipPath></defs><sodipodi:namedview
     pagecolor="#ffffff"
     bordercolor="#666666"
     borderopacity="1"
     objecttolerance="10"
     gridtolerance="10"
     guidetolerance="10"
     inkscape:pageopacity="0"
     inkscape:pageshadow="2"
     inkscape:window-width="640"
     inkscape:window-height="480"
     id="namedview4"
     showgrid="false"
     inkscape:zoom="0.44033101"
     inkscape:cx="196.49804"
     inkscape:cy="383.64774"
     inkscape:window-x="65"
     inkscape:window-y="24"
     inkscape:window-maximized="0"
     inkscape:current-layer="g10" /><g
     id="g10"
     inkscape:groupmode="layer"
     inkscape:label="ink_ext_XXXXXX"
     transform="matrix(1.25,0,0,-1.25,0,757.9625)"><g
       id="g12"
       transform="scale(0.1,0.1)"><g
         id="g14"><g
           id="g16"
           clip-path="url(#clipPath18)"><path
             d="m 2325.74,504.789 c -1.33,11.91 3.04,27.859 8.67,46.262 9.57,32.597 21.64,73.051 8.83,120.59 l -0.85,3.199 -1.28,3.082 c -23.72,59.34 -67.37,86.039 -109.54,111.769 l -7.76,4.789 c -19.84,12.168 -45.46,21.481 -75.19,32.219 -34.72,12.551 -76.25,27.653 -105.6,47.59 l -9.47,391.251 c 0.22,12.29 0.22,24.52 0.11,36.48 -0.21,55.25 -0.32,107.42 21.59,142.13 l 4.36,6.81 2.24,7.87 c 27.86,96.72 -50.31,134.53 -83.6,150.59 -9.72,4.73 -26.9,13.08 -31.21,18.18 -4.41,14.09 -0.96,25.31 10.05,52.11 11.44,28.08 27.12,66.47 18.29,114.54 -16.7,95.07 -133.73,121.34 -220.24,132.82 -50.83,6.7 -208.33,32.66 -270.44,47.43 -27.82,38.67 -23.29,102.1 -18.4,163.78 l 1.91,27.07 c 79.97,315.38 77.84,516.74 45.89,776.39 -12.61,108.16 20.53,246.19 42.49,337.55 6.59,27.65 12.44,51.42 15.58,69.44 14.46,81.97 26.05,379.24 -9.15,561.38 l -0.42,2.42 -0.59,2.32 c -9.46,33.49 -15,61.78 -17.02,115.17 l -0.1,2.66 c -1.6,42.94 -3.03,83.43 15.42,106.61 129.74,78.78 157.13,208.07 181,322.53 3.51,16.72 7.08,33.94 10.96,50.57 l 1.59,7.23 -0.21,7.41 c -2.34,71.42 15.64,139.4 34.72,211.45 28.88,109.25 58.81,222.19 17.18,351.27 l -0.54,1.72 -0.58,1.76 c -31,78.11 -97.99,113.52 -158.3,140.59 -13.02,5.79 -29.14,11.59 -47.64,18.34 -68.17,24.81 -181.17,65.99 -211.59,139.93 -8.44,65.88 4.58,140.57 17.4,212.96 19.94,112.81 40.51,229.42 -15.53,328.51 -55.83,98.8 -219.39,121.47 -337.01,80.61 l -4.68,-1.57 -4.37,-2.42 c -157.898,-87.79 -138.456,-343.34 -113.468,-426.5 16.192,-54.18 29.828,-117.87 40.602,-189.22 -0.801,-26.54 -24.489,-49.46 -70.883,-68.17 l -3.481,-1.49 -3.246,-1.78 c -41.289,-23.37 -84.836,-45.25 -126.953,-66.41 -55.355,-27.79 -112.433,-56.45 -167.176,-89.71 l -1.621,-1.04 -1.621,-1.11 c -86.597,-60.94 -76.918,-169.82 -69.82,-249.36 0.934,-10.61 1.754,-20.69 2.473,-30.23 l 0.507,-8.03 2.739,-7.58 c 27.351,-75.74 35.093,-161.14 43.359,-251.67 10.481,-115.14 21.348,-234.07 75.27,-339.01 l 7.125,-13.72 13.027,-8.26 c 68.035,-43.5 110.312,-113.13 110.812,-182.02 -34.425,-318.37 -10.71,-629.74 68.461,-901.45 16.75,-108.63 3.668,-228.17 -9.089,-343.83 l -6.836,-63 c 0,0 -0.157,-2.13 -0.157,-1.81 l 0,-2.13 c -5.105,-151.06 28.157,-285.17 60.246,-414.97 10.34,-41.48 20.922,-84.43 29.774,-125.65 18.613,-97.14 14.066,-185.36 -11.594,-241.72 -50.64,-15.38 -105.203,-23.99 -162.867,-32.71 -101.164,-15.2 -205.859,-30.89 -298.305,-88.48 l -6.726,-4.25 -5.371,-5.96 c -45.411,-50.09 -40.68,-110.81 -36.743,-159.57 2.043,-26.11 3.989,-50.67 -1.808,-67.79 0,0 -2.555,-7.56 -2.629,-8.94 l -0.164,-3.3 c -3.742,-2.5 -9.836,-5.85 -14.246,-8.08 -17.149,-9.36 -38.34,-20.85 -54.641,-42.64 l -1.512,-1.92 -1.304,-2.13 c -50.063,-80.03 0.078,-161.06 28.207,-199.14 15.344,-116.07 11.09,-310.42 9.469,-385.451 -0.348,-15.687 -0.532,-26.051 -0.532,-32.168 0,-6.91 0.285,-13.769 0.532,-20.582 0.371,-10.097 1.003,-27.859 -0.856,-36.32 l -15.148,-5.258 C 251.465,842.859 143.652,805.648 63.2578,720.031 l -5.957,-6.371 -3.8281,-7.879 C 25.9258,649.102 31.1367,573.699 64.6094,516.172 63.043,512.77 60.625,508.512 58.7617,505.371 50.6562,491.172 39.5664,471.82 36.6953,446.988 l 0.5625,3.883 C 30.6055,415.031 10.2422,305.711 80.3828,237.75 l 5.7891,-5.641 7.1015,-3.718 C 156.656,194.57 241.199,152.25 334.391,125.66 862.141,-15.8984 1340.33,17.1797 1698.03,61.8008 1780.45,72 2198.88,130.121 2336.86,264.539 l 8.82,8.68 4.47,11.531 c 23.82,60.781 15.1,136.719 -24.41,220.039"
             style="fill:#ecba5c;fill-opacity:1;fill-rule:nonzero;stroke:none"
             id="path22"
             inkscape:connector-curvature="0" /><path
             d="m 2328.03,509.051 c -1.38,11.898 3.19,27.859 8.62,46.258 9.73,32.582 21.74,73.05 8.82,120.703 l -0.79,3.129 -1.23,3.031 C 2319.74,741.52 2276.13,768.211 2233.92,794 l -7.77,4.73 c -19.78,12.231 -45.52,21.489 -75.29,32.231 -34.67,12.539 -76.2,27.75 -105.39,47.59 l -9.57,391.199 c 0.15,12.33 0.15,24.61 0.15,36.52 -0.15,55.26 -0.37,107.46 21.6,142.14 l 4.3,6.91 2.23,7.77 c 27.86,96.77 -50.3,134.52 -83.64,150.63 -9.62,4.68 -26.85,13.03 -31.21,18.14 -4.42,14.14 -0.85,25.31 10.05,52.11 11.54,28.07 27.17,66.46 18.29,114.53 -16.75,95.18 -133.63,121.45 -220.14,132.83 -50.89,6.7 -208.39,32.65 -270.55,47.33 -27.75,38.76 -23.18,102.19 -18.4,163.98 l 1.98,27.07 c 80.02,315.26 77.89,516.64 45.93,776.28 -12.59,108.15 20.53,246.2 42.44,337.55 6.65,27.65 12.44,51.52 15.52,69.44 14.47,82.08 26.11,379.24 -9.04,561.39 l -0.42,2.42 -0.64,2.29 c -9.41,33.52 -14.99,61.81 -17.02,115.19 l -0.1,2.66 c -1.65,43.04 -2.98,83.46 15.48,106.72 129.74,78.7 157.07,207.96 180.99,322.52 3.46,16.63 7.08,33.88 10.8,50.49 l 1.7,7.24 -0.21,7.41 c -2.34,71.39 15.68,139.4 34.66,211.42 29.04,109.25 58.92,222.19 17.23,351.3 l -0.53,1.8 -0.63,1.68 c -30.84,78.11 -97.9,113.5 -158.35,140.59 -12.93,5.79 -28.99,11.67 -47.54,18.43 -68.22,24.69 -181.11,65.9 -211.63,139.84 -8.3,65.86 4.68,140.54 17.44,213.04 19.99,112.73 40.52,229.34 -15.48,328.45 -55.86,98.86 -219.36,121.46 -337.04,80.59 l -4.68,-1.62 -4.36,-2.37 C 887.129,5926.75 906.562,5671.12 931.527,5587.9 c 16.278,-54.05 29.914,-117.83 40.68,-189.16 -0.852,-26.53 -24.539,-49.45 -70.934,-68.2 l -3.429,-1.38 -3.242,-1.86 c -41.344,-23.37 -84.895,-45.28 -127.004,-66.42 -55.25,-27.7 -112.493,-56.46 -167.129,-89.72 l -1.676,-1.02 -1.566,-1.03 c -86.622,-61.04 -76.868,-169.89 -69.922,-249.44 0.98,-10.69 1.914,-20.71 2.523,-30.15 l 0.559,-8.14 2.715,-7.49 c 27.273,-75.72 35.168,-161.2 43.441,-251.7 10.473,-115.1 21.269,-234.13 75.266,-338.95 l 7.046,-13.73 13,-8.34 c 68.008,-43.53 110.391,-113.16 110.895,-182.07 -34.457,-318.35 -10.797,-629.68 68.488,-901.32 16.696,-108.69 3.563,-228.23 -9.148,-343.88 l -6.809,-63.06 c 0,0 -0.207,-2.13 -0.207,-1.81 l -0.023,-2.12 c -5.055,-150.97 28.203,-285.13 60.347,-414.97 10.184,-41.48 20.872,-84.45 29.668,-125.6 18.664,-97.21 14.067,-185.31 -11.535,-241.73 -50.699,-15.42 -105.207,-24.03 -162.816,-32.64 -101.324,-15.21 -205.996,-30.95 -298.414,-88.6 l -6.727,-4.25 -5.371,-5.9 c -45.355,-50.03 -40.598,-110.76 -36.633,-159.62 2.016,-26.01 3.989,-50.69 -1.812,-67.81 0,0 -2.547,-7.54 -2.656,-8.93 l -0.184,-3.29 c -3.75,-2.45 -9.863,-5.74 -14.332,-8.09 -17.02,-9.35 -38.258,-20.84 -54.637,-42.54 l -1.433,-2.02 -1.305,-2.02 c -50.008,-80.19 0.078,-161.11 28.234,-199.24 15.262,-116.07 11.086,-310.37 9.465,-385.461 -0.32,-15.679 -0.586,-25.949 -0.586,-32.109 0,-6.91 0.266,-13.828 0.504,-20.578 0.402,-10.102 1.012,-27.91 -0.742,-36.43 l -15.207,-5.203 C 253.727,847.121 145.969,809.898 65.5938,724.289 l -5.9024,-6.277 -3.8281,-7.871 C 28.2969,653.461 33.5312,577.949 67.0312,520.359 65.4102,517.07 62.9414,512.871 61.1289,509.68 53.0195,495.531 41.8789,476.082 39.0625,451.242 l 0.5039,3.879 C 32.9492,419.281 12.6055,309.949 82.7969,242 l 5.7187,-5.531 7.125,-3.828 C 159.023,198.82 243.57,156.5 336.758,129.922 864.531,-11.5312 1342.65,21.4414 1700.37,66.0508 c 82.47,10.3203 500.84,68.3902 638.77,202.8012 l 8.89,8.668 4.46,11.492 c 23.83,60.828 15.16,136.758 -24.46,220.039"
             style="fill:#ecba5c;fill-opacity:1;fill-rule:nonzero;stroke:none"
             id="path24"
             inkscape:connector-curvature="0" /><path
             d="m 1750.03,1874.59 c -50.78,6.65 -244.39,38.13 -295.54,53.39 -63.59,63.6 -45.73,167.98 -40.62,250.61 78.42,306.97 77.53,502.49 45.73,760.7 -17.76,152.71 45.83,351.48 58.49,423.69 12.76,72 25.52,362.46 -8.82,540.59 -11.55,40.79 -16.98,73.38 -19.15,128.49 -2.12,55.15 -5.11,114.49 34.4,155.25 133.52,75 144.16,210.7 174.25,342.15 -6.38,192.09 117.09,353.65 54.72,546.99 -21.64,54.71 -67,81.86 -128.52,109.38 -61.52,27.62 -247.21,71.28 -291.69,195.92 -26.69,179.38 88.14,386.17 8.01,527.93 -41.38,73.14 -176.81,86.54 -268.37,54.72 -125.943,-69.97 -105.686,-296.44 -86.568,-360.04 19.118,-63.59 33.068,-133.49 43.338,-202.25 1.19,-64.84 -53.495,-103.07 -106.936,-124.64 -96.668,-54.74 -198.391,-97.97 -292.504,-155.24 -68.758,-48.33 -48.441,-152.61 -43.34,-228.91 66.149,-183.24 26.774,-410.95 115.785,-583.92 77.61,-49.62 137.348,-136.13 137.348,-231.55 -33.07,-300.22 -13.957,-613.17 67.453,-889.18 21.668,-137.45 -1.305,-286.28 -15.262,-423.68 -6.41,-190.79 52.192,-354.88 89.118,-527.91 17.812,-92.9 22.818,-217.54 -28.075,-300.11 -151.359,-53.49 -331.988,-35.63 -470.64,-122.19 -49.61,-54.67 -3.828,-139.9 -26.746,-207.38 -1.223,-47.06 -57.215,-48.29 -80.161,-78.8 -31.769,-50.95 3.856,-106.89 34.375,-146.34 21.641,-139.9 11.411,-404.119 11.411,-440.17 0,-35.942 8.957,-85.18 -26.668,-106.879 C 293.02,799.582 184.941,767.789 107.336,685.039 85.668,640.59 94.6289,578.27 122.598,538.762 136.609,501.922 99.7852,477.719 95.9336,444.652 85.668,390.039 81.9727,322.559 122.598,283.109 196.348,243.699 271.453,208.078 351.617,185.219 845.145,52.9102 1304.52,74.3984 1693.24,122.84 c 219.29,27.39 510.52,93.961 605.97,187.012 22.87,58.488 0,129.8 -26.75,183.128 -12.7,56.051 34.36,106.942 17.82,167.981 -17.82,44.5 -52.75,63.59 -94.12,89.008 -41.37,25.523 -150.11,45.89 -207.38,100.551 l -10.1,418.48 c 1.17,73.81 -6.39,151.44 30.52,209.93 24.14,84.01 -84.01,72.42 -111.98,128.47 -27.97,71.26 36.85,111.98 24.14,180.68 -6.49,37.01 -47.85,70.24 -171.33,86.51"
             style="fill:#1c1b20;fill-opacity:1;fill-rule:nonzero;stroke:none"
             id="path26"
             inkscape:connector-curvature="0" /><path
             d="m 1200.11,5561.13 c 3.83,-12.71 -10.16,-6.35 -15.26,-11.4 l -17.81,2.44 c 8.93,8.96 20.36,10.26 33.07,8.96"
             style="fill:#cda24f;fill-opacity:1;fill-rule:nonzero;stroke:none"
             id="path28"
             inkscape:connector-curvature="0" /><path
             d="m 1072.92,4642.69 c -6.41,-1.31 -12.71,-11.46 -19.12,-3.86 -6.41,16.51 0,34.38 6.41,49.64 12.71,-8.91 12.71,-27.97 12.71,-45.78"
             style="fill:#cda24f;fill-opacity:1;fill-rule:nonzero;stroke:none"
             id="path30"
             inkscape:connector-curvature="0" /><path
             d="m 852.859,1672.33 15.262,0 -15.262,0"
             style="fill:#ffffff;fill-opacity:1;fill-rule:nonzero;stroke:none"
             id="path32"
             inkscape:connector-curvature="0" /><path
             d="m 1188.68,1659.61 c -91.65,-15.31 -217.485,-12.76 -314.153,8.83 102.973,1.33 211.103,-1.28 314.153,-8.83"
             style="fill:#ffffff;fill-opacity:1;fill-rule:nonzero;stroke:none"
             id="path34"
             inkscape:connector-curvature="0" /><path
             d="m 1206.49,1659.61 15.26,0 -15.26,0"
             style="fill:#ffffff;fill-opacity:1;fill-rule:nonzero;stroke:none"
             id="path36"
             inkscape:connector-curvature="0" /><path
             d="m 2229.24,630.43 0,-2.551 -8.89,0 2.5,6.332 c 2.56,-2.449 3.83,-3.781 6.39,-3.781"
             style="fill:#cfa718;fill-opacity:1;fill-rule:nonzero;stroke:none"
             id="path38"
             inkscape:connector-curvature="0" /><path
             d="m 1230.63,5921.17 c 19.09,-67.45 10.16,-147.56 -26.69,-203.58 0,-33.07 -2.55,-75 2.55,-110.68 40.68,6.41 22.84,56.05 30.52,80.16 6.33,10.24 11.44,15.26 21.59,20.36 17.82,3.83 35.63,-3.79 39.46,-20.36 -30.53,-53.43 -2.55,-118.34 -24.2,-174.27 -6.33,-17.82 -29.27,-24.22 -43.23,-12.71 -12.71,25.41 -44.51,27.97 -70,21.56 -25.42,-22.81 -25.42,-62.29 -33.08,-94.12 11.52,-38.07 55.99,-44.48 63.6,-86.46 -10.15,-61.1 11.51,-129.74 -17.73,-179.38 -35.66,-45.78 -119.62,-53.42 -113.21,-122.09 10.16,-38.18 13.96,-78.93 43.23,-110.62 1.25,-52.28 -59.79,-68.84 -89.01,-103.11 -59.797,-36.87 -87.821,-83.96 -150.16,-122.14 -22.922,-6.3 -39.485,7.66 -45.79,26.77 -1.3,30.53 12.711,58.5 40.68,71.15 22.918,12.71 57.293,7.71 70.004,39.48 -24.113,26.72 -67.449,21.56 -97.973,39.43 -17.812,11.41 -36.828,27.92 -54.742,33.08 -75.054,-122.09 83.961,-245.59 -19.008,-359.97 -2.554,-7.71 4.997,-12.81 10.157,-17.81 22.914,2.55 39.375,-12.71 45.781,-34.37 -10.156,-61.05 11.406,-114.54 50.891,-152.69 59.734,-72.48 155.15,-38.16 241.72,-50.81 17.82,-7.68 34.35,-26.8 36.91,-45.78 -14.1,-91.65 17.73,-208.63 -28.06,-290.15 -15.26,-8.85 -34.26,-24.11 -52.08,-6.3 -43.34,64.9 -92.916,114.49 -142.557,170.42 -8.855,20.37 -11.457,53.44 2.551,70 10.211,10.16 43.34,27.97 17.812,45.79 -41.921,12.71 -76.296,57.19 -106.828,86.54 -33.07,3.72 -83.957,-14.09 -109.375,17.81 -56.043,73.76 -56.043,169.12 -70.004,259.54 -19.117,90.27 43.235,203.5 -36.925,281.06 -25.418,66.2 -33.079,159.01 17.808,216.25 70.008,58.52 160.324,78.86 241.731,113.18 66.148,21.64 136.157,117.06 207.357,45.86 15.25,-17.81 24.21,-59.82 54.74,-48.33 26.66,43.23 -30.53,76.3 -48.34,111.87 -43.34,119.59 62.3,230.28 -15.26,333.36 -6.41,22.85 8.86,41.98 27.97,48.32 10.1,-3.79 13.96,7.61 20.37,12.72 -15.27,35.65 -66.15,17.81 -91.57,39.45 -30.63,41.99 -20.36,99.28 3.75,141.2 36.93,49.64 97.97,40.71 148.86,54.75 29.22,12.63 34.35,-21.67 45.78,-34.38"
             style="fill:#ecba5c;fill-opacity:1;fill-rule:nonzero;stroke:none"
             id="path40"
             inkscape:connector-curvature="0" /><path
             d="m 1057.66,5545.87 c -3.86,-7.66 -6.41,-7.66 -12.71,-15.26 -26.78,26.72 -49.638,66.2 -39.48,113.23 6.41,15.27 19.11,6.3 26.77,0 17.71,-29.32 30.52,-59.84 25.42,-97.97"
             style="fill:#ecba5c;fill-opacity:1;fill-rule:nonzero;stroke:none"
             id="path42"
             inkscape:connector-curvature="0" /><path
             d="m 1289.2,5375.34 c -2.55,-12.71 -3.85,-24.12 -17.81,-27.97 -16.57,8.96 -21.67,29.27 -19.11,49.64 15.25,20.37 36.92,-3.8 36.92,-21.67"
             style="fill:#ecba5c;fill-opacity:1;fill-rule:nonzero;stroke:none"
             id="path44"
             inkscape:connector-curvature="0" /><path
             d="m 1640.28,5140.05 c 62.33,-24.14 63.6,-88.99 85.19,-137.35 33.07,-126 -105.61,-180.63 -91.57,-298.97 7.66,-53.39 12.71,-110.68 6.38,-165.32 -11.54,-11.51 -24.2,-25.52 -43.28,-17.81 -22.87,15.26 -36.85,40.62 -45.84,67.4 3.89,104.27 40.73,197.14 40.73,305.32 l -6.32,5.05 c -67.48,-57.24 -183.14,-62.34 -263.29,-26.72 -61.13,26.72 -21.67,110.69 -33.08,161.57 20.29,59.8 97.87,87.76 91.59,158.99 17.76,20.42 43.18,12.71 63.6,6.33 61.04,-30.52 132.3,-35.55 195.89,-58.49"
             style="fill:#ecba5c;fill-opacity:1;fill-rule:nonzero;stroke:none"
             id="path46"
             inkscape:connector-curvature="0" /><path
             d="m 1210.35,4810.61 c 24.11,-33.08 30.44,-81.41 17.8,-122.14 -24.21,-27.97 -84.09,17.81 -94.19,-36.93 6.38,-31.72 -10.15,-52.08 -21.59,-76.3 -34.35,-43.24 -81.49,10.2 -122.167,-12.71 -39.375,-14.01 -45.777,-72.45 -91.558,-70.01 -34.375,31.8 10.101,72.56 21.558,100.53 -14.012,40.73 -27.969,87.81 0,126 66.149,60.98 143.757,144.95 253.217,115.73 l 36.93,-24.17"
             style="fill:#ecba5c;fill-opacity:1;fill-rule:nonzero;stroke:none"
             id="path48"
             inkscape:connector-curvature="0" /><path
             d="m 1044.95,4490.08 c 12.71,-22.97 29.22,-39.48 54.63,-43.34 61.05,1.28 128.57,83.97 176.84,19.12 31.79,-97.98 151.38,-86.54 226.46,-132.32 17.76,-2.48 30.53,17.81 33.08,30.52 8.83,57.26 -58.5,69.98 -50.95,122.16 34.36,19.12 63.6,-16.56 87.85,-33.07 30.52,-43.23 35.52,-119.61 6.27,-165.4 -59.76,-41.95 -118.26,13.96 -176.7,21.65 l -180.68,30.52 c -33.07,16.51 -28.05,64.9 -69.97,67.45 -63.6,27.97 -159.022,-8.96 -200.952,54.63 5,22.92 19.016,40.74 41.93,45.89 22.922,5 39.482,-6.4 52.192,-17.81"
             style="fill:#ecba5c;fill-opacity:1;fill-rule:nonzero;stroke:none"
             id="path50"
             inkscape:connector-curvature="0" /><path
             d="m 1429.07,4012.95 c 59.78,-110.68 77.59,-245.42 67.48,-377.77 0,-5.11 -6.43,-8.96 -8.98,-12.71 -12.66,3.75 -17.77,21.56 -21.64,34.27 -15.27,83.96 -30.42,167.97 -76.31,240.42 -13.99,38.23 19.14,85.27 -26.66,106.93 -3.86,33.08 12.67,77.61 45.8,97.98 34.3,-10.26 8.83,-61.04 20.31,-89.12"
             style="fill:#ecba5c;fill-opacity:1;fill-rule:nonzero;stroke:none"
             id="path52"
             inkscape:connector-curvature="0" /><path
             d="m 990.203,4012.95 c 22.927,-146.31 134.877,-256.99 139.907,-412.15 3.85,-157.71 -2.56,-318 -17.74,-473.27 -7.68,-38.07 -16.54,-90.29 -61.12,-100.4 l -21.56,27.97 c -47.088,212.43 -108.237,419.79 -113.237,649.97 l -2.551,2.56 -6.406,-8.86 c -20.367,-160.26 35.625,-298.99 33.07,-451.6 0,-8.83 -10.156,-10.21 -17.812,-8.83 -81.406,220.01 -106.824,489.7 -36.93,723.72 10.266,24.22 24.227,62.41 58.602,61.16 16.512,0 34.324,-36.94 45.777,-10.27"
             style="fill:#ecba5c;fill-opacity:1;fill-rule:nonzero;stroke:none"
             id="path54"
             inkscape:connector-curvature="0" /><path
             d="m 1383.35,3692.37 c 31.74,-118.31 -28.08,-221.31 -42.06,-331.94 -7.61,-8.93 -16.54,-26.7 -30.53,-24.25 -8.85,2.55 -8.85,5.11 -15.25,11.49 l 0,400.74 c 3.83,15.26 6.4,36.83 24.22,41.93 44.48,-11.41 44.48,-63.6 63.62,-97.97"
             style="fill:#ecba5c;fill-opacity:1;fill-rule:nonzero;stroke:none"
             id="path56"
             inkscape:connector-curvature="0" /><path
             d="m 1380.79,3005.44 c 80.08,-123.37 71.15,-291.29 69.87,-442.61 -8.82,-15.27 -3.72,-43.3 -26.69,-48.39 l -15.21,15.31 c 12.66,132.19 -10.21,265.76 -27.97,394.28 -39.5,31.85 -85.28,73.86 -78.88,131.07 30.52,29.25 61.05,-24.24 78.88,-49.66"
             style="fill:#ecba5c;fill-opacity:1;fill-rule:nonzero;stroke:none"
             id="path58"
             inkscape:connector-curvature="0" /><path
             d="M 999.164,2996.51 C 1010.57,2910.04 980.051,2832.46 977.5,2745.95 L 966.094,2505.5 c -3.86,-3.83 -7.711,-8.83 -12.817,-6.28 -27.968,81.37 -20.312,176.76 -30.523,265.77 -3.746,86.46 12.711,179.41 43.34,259.59 20.258,7.55 25.359,-16.53 33.07,-28.07"
             style="fill:#ecba5c;fill-opacity:1;fill-rule:nonzero;stroke:none"
             id="path60"
             inkscape:connector-curvature="0" /><path
             d="m 1197.56,2743.4 c 1.25,-19.03 1.25,-38.12 -12.71,-52.11 -20.37,5 -22.87,33.08 -20.37,54.66 -7.6,36.9 35.63,20.37 33.08,-2.55"
             style="fill:#ecba5c;fill-opacity:1;fill-rule:nonzero;stroke:none"
             id="path62"
             inkscape:connector-curvature="0" /><path
             d="m 1389.62,2008.12 45.89,-137.3 c -34.46,-34.4 -48.44,-109.43 -113.23,-80.18 -38.21,17.75 -66.15,69.92 -100.53,91.56 -10.24,7.55 -6.38,22.86 -2.55,30.52 7.58,11.43 17.81,13.93 30.52,12.71 16.54,-11.43 29.24,-31.85 52.19,-27.97 22.84,27.97 -5.13,57.21 2.47,89.01 29.3,45.79 -54.66,87.79 17.9,113.21 45.76,-5 48.26,-59.76 67.34,-91.56"
             style="fill:#ecba5c;fill-opacity:1;fill-rule:nonzero;stroke:none"
             id="path64"
             inkscape:connector-curvature="0" /><path
             d="m 501.676,1485.21 c 1.273,-20.21 0,-41.91 -19.039,-52.06 -16.508,0 -35.625,0 -45.782,12.7 -13.96,12.72 -19.089,33.08 -15.339,48.34 22.941,17.81 58.566,12.71 80.16,-8.98"
             style="fill:#ecba5c;fill-opacity:1;fill-rule:nonzero;stroke:none"
             id="path66"
             inkscape:connector-curvature="0" /><path
             d="m 1939.23,1339.03 c -35.69,-151.39 -7.72,-319.31 -11.49,-473.3 5.1,-36.898 16.59,-90.238 -15.21,-119.539 -8.99,-6.371 -19.08,-10.203 -30.52,-8.929 -19.09,45.789 0,108.148 -28.07,150.16 1.27,72.43 50.93,128.468 33.07,204.778 -7.55,81.41 -24.09,166.7 -8.83,249.28 11.38,24.19 66.15,38.23 61.05,-2.45"
             style="fill:#ecba5c;fill-opacity:1;fill-rule:nonzero;stroke:none"
             id="path68"
             inkscape:connector-curvature="0" /><path
             d="m 580.609,1330.04 c -26.769,-104.22 -12.789,-221.31 -11.511,-329.41 24.222,-80.13 16.539,-183.189 5.101,-265.919 -7.656,-10.16 -24.187,-7.551 -33.07,-3.832 -57.188,36.91 -5.106,106.883 -21.563,165.371 l 21.563,122.19 c -38.18,89.01 -16.539,184.41 -17.813,283.63 5.102,22.97 24.219,33.08 45.782,36.96 7.656,3.78 7.656,-6.43 11.511,-8.99"
             style="fill:#ecba5c;fill-opacity:1;fill-rule:nonzero;stroke:none"
             id="path70"
             inkscape:connector-curvature="0" /><path
             d="m 831.191,1271.56 c 5.102,-55.95 -41.929,-92.85 -33.078,-146.28 26.672,-134.909 26.672,-281.19 0,-414.71 -14.008,-34.359 -61.039,-19.09 -89.011,-15.211 -15.258,1.27 -31.821,17.653 -33.071,33.082 -8.961,81.348 24.114,146.219 30.524,222.579 6.297,108.1 -1.305,235.29 5.101,339.68 34.274,25.36 97.864,19.03 119.535,-19.14"
             style="fill:#ecba5c;fill-opacity:1;fill-rule:nonzero;stroke:none"
             id="path72"
             inkscape:connector-curvature="0" /><path
             d="m 1332.43,1280.43 c 39.38,-35.51 12.69,-103 11.41,-152.6 -38.21,-147.56 35.62,-297.728 6.4,-447.779 -6.4,-26.75 -33.07,-29.301 -58.56,-30.531 -150.06,-5.098 -296.368,-10.2 -432.52,26.691 -22.867,54.668 3.805,118.371 0,180.699 0,101.719 -59.797,194.61 -25.422,296.34 21.672,42.05 45.789,85.23 61.047,127.18 l 27.969,10.27 409.676,-10.27"
             style="fill:#ecba5c;fill-opacity:1;fill-rule:nonzero;stroke:none"
             id="path74"
             inkscape:connector-curvature="0" /><path
             d="m 2241.94,688.93 c 17.82,-34.41 20.36,-81.41 -3.78,-113.2 -28.01,-31.808 -69.97,-48.398 -115.81,-36.968 -17.75,1.328 -25.41,20.418 -30.51,34.41 -2.56,38.18 54.71,58.59 30.51,96.668 -20.31,28.07 -67.37,26.789 -69.97,64.871 63.65,39.449 146.33,10.258 189.56,-45.781"
             style="fill:#ecba5c;fill-opacity:1;fill-rule:nonzero;stroke:none"
             id="path76"
             inkscape:connector-curvature="0" /><path
             d="m 345.211,645.699 c 10.234,-17.82 -3.805,-34.347 -11.406,-48.328 -11.434,-12.832 -26.774,-13.992 -39.485,-6.441 -19.008,14.031 -5.023,36.949 0,52.218 6.41,20.364 40.758,21.582 50.891,2.551"
             style="fill:#ecba5c;fill-opacity:1;fill-rule:nonzero;stroke:none"
             id="path78"
             inkscape:connector-curvature="0" /><path
             d="m 1426.52,615.18 c 21.7,-8.938 47.06,-28.028 54.66,-52.219 22.92,-57.211 -10.15,-108.051 -39.34,-152.609 -58.49,-29.243 -132.35,-19.153 -201.05,-20.313 -119.54,5.102 -248.032,-13.98 -357.411,15.211 -33.07,17.859 -20.414,54.66 -39.375,78.898 -31.93,47.063 -94.223,76.25 -73.859,137.301 5,16.59 21.671,14.043 33.078,17.871 206.047,-21.59 414.697,-20.422 623.297,-24.14"
             style="fill:#ecba5c;fill-opacity:1;fill-rule:nonzero;stroke:none"
             id="path80"
             inkscape:connector-curvature="0" /><path
             d="m 1775.03,588.48 c 8.98,-36.89 -39.36,-40.73 -58.39,-61.148 -52.22,-30.523 -81.46,-74.973 -124.75,-113.211 -12.76,-3.769 -21.59,3.891 -27.96,11.551 6.37,76.25 81.35,109.43 97.95,180.57 36.89,30.52 78.85,-2.551 113.15,-17.762"
             style="fill:#ecba5c;fill-opacity:1;fill-rule:nonzero;stroke:none"
             id="path82"
             inkscape:connector-curvature="0" /><path
             d="m 419.043,423.109 c 19.031,-12.757 31.82,-36.949 21.586,-61.14 -5.102,-20.321 -29.242,-35.528 -45.781,-45.797 -83.957,5.168 -156.465,35.687 -226.469,73.867 -20.359,11.383 -12.703,41.902 -6.406,57.16 11.562,17.86 29.379,30.52 45.886,39.512 76.305,-7.66 142.485,-39.512 211.184,-63.602"
             style="fill:#ecba5c;fill-opacity:1;fill-rule:nonzero;stroke:none"
             id="path84"
             inkscape:connector-curvature="0" /><path
             d="m 2259.76,435.762 c 10.21,-28.012 10.21,-69.973 -11.44,-89.063 -43.33,6.379 -42,56 -67.42,82.692 -6.44,21.691 7.71,31.789 24.09,39.449 28.08,15.308 45.89,-12.66 54.77,-33.078"
             style="fill:#ecba5c;fill-opacity:1;fill-rule:nonzero;stroke:none"
             id="path86"
             inkscape:connector-curvature="0" /><path
             d="m 1457.04,340.371 c 10.16,-1.281 19.09,-10.101 24.14,-15.262 -21.58,-38.121 -26.69,-94.109 -72.42,-113.199 -243.03,-11.488 -484.756,-8.941 -712.471,34.34 -27.969,25.422 14.063,67.43 12.813,103.059 5,13.929 19.121,6.332 27.972,12.66 232.77,-34.25 471.966,-24.137 719.966,-21.598"
             style="fill:#ecba5c;fill-opacity:1;fill-rule:nonzero;stroke:none"
             id="path88"
             inkscape:connector-curvature="0" /><path
             d="m 1808.2,202.969 c 1.22,-35.571 -33.17,-29.25 -54.71,-41.949 -15.26,3.832 -28.02,7.609 -30.58,24.199 3.84,25.41 34.36,25.41 54.78,30.519 12.65,0 26.74,0 30.51,-12.769"
             style="fill:#ecba5c;fill-opacity:1;fill-rule:nonzero;stroke:none"
             id="path90"
             inkscape:connector-curvature="0" /><path
             d="m 1527.08,1879.65 c -11.54,-15.26 11.43,-26.7 21.53,-30.53 85.29,-20.42 178.14,-21.64 262.14,-45.78 2.56,-3.83 15.22,-11.48 6.39,-19.09 -49.67,-24.14 -87.84,30.53 -137.45,3.83 -71.31,-57.27 -175.59,-30.52 -262.1,-49.66 -92.84,-13.93 -227.64,-29.25 -293.78,25.47 -16.57,13.98 -19.12,42 -8.97,61.04 11.52,30.52 89.1,47.07 61.13,87.79 -13.99,11.43 -29.3,12.71 -45.86,6.33 l -54.64,-52.11 c 8.86,41.95 20.36,96.67 61.04,128.52 20.37,0 50.89,-29.35 58.49,8.83 l -10.15,244.28 c -3.85,5.1 -11.43,15.26 -17.81,6.37 -27.97,-43.28 -20.37,-101.76 -30.53,-152.71 -17.81,5.11 -14.01,27.97 -21.67,43.28 10.24,167.93 57.3,328.19 30.61,503.77 -14.04,89.07 -14.04,193.34 -82.69,253.11 -27.97,2.55 -31.88,-30.52 -42.03,-49.55 -61.042,-202.28 -16.56,-424.87 8.96,-628.52 6.3,-132.19 -15.26,-253.11 -85.264,-353.5 -12.707,-26.8 6.402,-58.6 33.074,-61.15 36.93,-5.11 61.04,-34.35 82.71,-64.87 3.75,-12.77 8.85,-41.96 -15.26,-39.41 -128.497,12.72 -265.946,20.27 -384.18,63.55 l 0,6.38 c 45.785,12.76 110.625,-15.21 142.453,24.19 0,11.44 -11.407,22.92 -2.555,34.35 26.668,15.26 59.742,16.54 85.156,33.08 -36.82,16.54 -83.906,-33.08 -115.679,6.43 -90.364,-8.98 -181.93,-12.81 -253.133,-67.48 -19.114,-12.81 -2.547,-33.07 6.304,-42 l 24.219,-21.64 c -15.262,-7.66 -43.305,3.83 -45.859,-21.59 -1.227,-22.97 1.273,-44.56 8.929,-63.6 8.961,15.27 27.969,43.24 52.192,24.19 40.68,-17.92 86.461,-22.91 124.641,-43.33 -1.305,-29.2 -49.641,-62.32 -6.415,-87.68 111.938,-34.41 232.879,-45.89 351.217,-61.1 -11.51,-7.65 -35.623,-29.35 -17.81,-45.84 22.81,-25.42 68.59,-3.72 91.56,-19.14 -91.56,-24.09 -190.838,24.25 -274.799,-17.76 -11.511,-8.88 -10.156,-25.42 -6.406,-36.85 76.406,-25.52 167.973,-16.54 250.685,-28.07 89.01,3.87 192.06,-11.44 272.23,25.52 7.57,8.88 16.51,22.92 8.85,35.62 -8.85,16.54 -25.42,12.72 -36.82,21.54 151.3,19.14 304.01,31.85 442.64,82.74 2.55,6.38 10.1,13.93 2.55,21.7 -22.97,22.75 -64.87,5.09 -94.12,15.2 31.81,13.99 8.89,84.02 61.05,63.6 16.54,26.69 39.4,53.49 30.52,85.29 l -21.64,15.2 c -109.38,-15.2 -207.32,-29.23 -320.58,-35.56 138.67,43.22 299.15,47.42 329.94,59.12 29.62,11.22 136.34,27.7 124.47,84.39 -8.51,40.25 -297.87,91.78 -347.48,63.81"
             style="fill:#ecba5c;fill-opacity:1;fill-rule:nonzero;stroke:none"
             id="path92"
             inkscape:connector-curvature="0" /><path
             d="m 1698.03,2101.27 c 0,-18.18 19.03,-22.64 42.6,-22.6 30.88,0.16 47.05,3.35 47.05,22.82 0,19.68 -16.17,22.75 -47.05,22.97 -23.57,0.1 -42.6,-4.47 -42.6,-23.19 z m -10.74,0.54 c 0,31.1 28.72,34.88 53.12,34.78 29.51,-0.11 58.07,-4.05 58.07,-35.1 0,-31.06 -28.56,-34.78 -58.07,-34.89 -24.4,0 -53.12,3.62 -53.12,35.21"
             style="fill:#ebba5a;fill-opacity:1;fill-rule:nonzero;stroke:none"
             id="path94"
             inkscape:connector-curvature="0" /><path
             d="m 1717.38,2201.57 c -10.94,0.85 -19.35,-5.11 -19.35,-16.86 0,-17.29 10.69,-19.09 19.03,-19.09 7.34,0 11.81,3.29 14.47,10.1 2.07,5.74 4.14,11.22 6.27,16.91 7.55,20.1 14.62,23.88 28.77,23.88 20.1,0 31.91,-12.72 31.91,-33.14 0,-10.42 -3.14,-22.97 -17.07,-29.03 -5.22,-2.29 -13.62,-2.13 -19.36,-2.29 l 0,11.81 c 15.74,-0.59 25.63,2.39 25.63,20.05 0,12.01 -5.95,20.31 -18.5,20.31 -16.22,0 -16.22,-6.43 -20.42,-17.28 -2.39,-5.75 -5.22,-15.16 -8.13,-20.79 -5.27,-10.1 -13.62,-12.66 -24.31,-12.66 -17.55,0 -29.03,12.28 -29.03,29.68 0,19.45 10.21,31.26 30.09,30.19 l 0,-11.79"
             style="fill:#ebba5a;fill-opacity:1;fill-rule:nonzero;stroke:none"
             id="path96"
             inkscape:connector-curvature="0" /><path
             d="m 1721.27,2283.28 c -12.55,-0.26 -23.24,-4.41 -23.24,-19.08 0,-20.53 28.98,-20.74 43.12,-20.74 14.42,-0.53 46.53,-0.85 46.53,20.74 0,14.04 -11.49,16.97 -22.97,18.51 -2.34,0.2 -4.94,0.31 -7.34,0.57 l 0,11.76 c 2.07,-0.32 4.47,-0.32 6.59,-0.64 8.57,-0.64 15.16,-1.01 22.45,-6.12 7.87,-5.57 12.07,-12.92 12.07,-23.12 0,-32.86 -31.69,-33.93 -57.06,-33.93 -24.04,0 -54.13,3.62 -54.13,33.76 0,20.16 15.15,30.58 33.98,30.05 l 0,-11.76"
             style="fill:#ebba5a;fill-opacity:1;fill-rule:nonzero;stroke:none"
             id="path98"
             inkscape:connector-curvature="0" /><path
             d="m 1698.03,2342.15 0,-0.21 56.47,-14.04 0,28.02 -56.47,-13.77 z m -8.35,-7.65 0,15.52 106.19,30.1 0,-13.09 -30.68,-8.39 0,-33.61 30.68,-7.82 0,-12.97 -106.19,30.26"
             style="fill:#ebba5a;fill-opacity:1;fill-rule:nonzero;stroke:none"
             id="path100"
             inkscape:connector-curvature="0" /><path
             d="m 1738.54,2405.43 0,18.61 c -0.21,5.47 -1.06,20.79 -19.57,20.52 -18.29,-0.21 -18.81,-14.57 -18.81,-22.49 l 0,-16.64 38.38,0 z m 57.33,0 0,-11.76 -106.19,0 0,27.39 c 0,22.22 5.74,36.48 30.05,35.84 12.55,-0.53 21.42,-8.14 23.29,-20.58 l 0.2,0 c 1.39,13.78 5.75,17.29 19.9,18.83 7.87,0.48 15.68,1.22 23.55,2.39 2.07,0.37 6.76,1.17 6.76,4.05 l 2.44,0 0,-13.73 c -6.81,-2.55 -19.88,-3.72 -27.01,-3.72 -10.64,0 -19.89,-4.25 -19.89,-18.13 l 0,-20.58 46.9,0"
             style="fill:#ebba5a;fill-opacity:1;fill-rule:nonzero;stroke:none"
             id="path102"
             inkscape:connector-curvature="0" /><path
             d="m 1752.96,2588.67 c 13.08,-1.44 21.64,-12.98 21.64,-25.74 0,-18.72 -14.09,-30.9 -32.44,-30.9 -17.97,0 -31.9,11.6 -31.9,30.37 0,13.29 7.87,24.03 21.27,26.27 l 0,-8.25 c -8.93,-1.54 -14.47,-8.98 -14.47,-17.81 0,-14.46 11.33,-22.23 25.1,-22.23 13.41,0 25.63,8.14 25.63,22.55 0,8.72 -5.74,16.58 -14.83,17.49 l 0,8.25 z m -10.26,18.93 c -26.17,0 -47.07,-20.85 -47.07,-47.06 0,-26.22 20.9,-47.43 47.07,-47.43 26.48,0 47.43,21.21 47.43,47.43 0,26.21 -20.95,47.06 -47.43,47.06 z m 0,-102.84 c -30.32,0 -55.41,24.93 -55.41,55.78 0,30.58 25.09,55.35 55.41,55.35 31.21,0 55.78,-24.77 55.78,-55.35 0,-30.85 -24.57,-55.78 -55.78,-55.78"
             style="fill:#ebba5a;fill-opacity:1;fill-rule:nonzero;stroke:none"
             id="path104"
             inkscape:connector-curvature="0" /><path
             d="m 1698.03,2680.34 0,-0.32 56.47,-14.04 0,28.12 -56.47,-13.76 z m -8.35,-7.66 0,15.53 106.19,29.94 0,-13.03 -30.68,-8.3 0,-33.71 30.68,-7.77 0,-13.07 -106.19,30.41"
             style="fill:#ebba5a;fill-opacity:1;fill-rule:nonzero;stroke:none"
             id="path106"
             inkscape:connector-curvature="0" /><path
             d="m 1781.73,2730.96 14.1406,0 0,12.9688 -14.1406,0 0,-12.9688 z"
             style="fill:#ebba5a;fill-opacity:1;fill-rule:nonzero;stroke:none"
             id="path108"
             inkscape:connector-curvature="0" /><path
             d="m 1689.68,2834.01 0,20.68 106.19,0 0,-11.75 -87.69,0 c -4.41,0 -8.87,0.22 -13.29,0 l 0,-0.32 c 6.01,-1.27 10.16,-2.33 14.14,-3.29 l 86.84,-22.23 0,-14.09 -88.21,-22.23 c -3.68,-1.01 -6.98,-1.86 -12.77,-3.14 l 0,-0.26 c 4.42,0 9.09,0.26 13.62,0.26 l 87.36,0 0,-11.8 -106.19,0 0,20.84 82.85,20.96 c 4.51,1.01 8.88,1.64 15.68,2.12 l 0,0.32 c -5.43,0.74 -10.63,1.49 -15.9,2.76 l -82.63,21.17"
             style="fill:#ebba5a;fill-opacity:1;fill-rule:nonzero;stroke:none"
             id="path110"
             inkscape:connector-curvature="0" /><path
             d="m 1781.73,2876.76 14.1406,0 0,12.9688 -14.1406,0 0,-12.9688 z"
             style="fill:#ebba5a;fill-opacity:1;fill-rule:nonzero;stroke:none"
             id="path112"
             inkscape:connector-curvature="0" /><path
             d="m 1740.09,2924.93 0,11.49 c 0,16.11 -2.29,26.16 -20.58,25.95 -17.28,0 -19.68,-10.95 -19.35,-25.26 l 0,-12.18 39.93,0 z m 55.78,-11.8 -106.19,0 0,27.97 c 0,8.19 0.74,18.61 6.8,24.78 5.96,6.38 14.1,8.62 22.71,8.62 11.81,0 23.29,-3.57 28.55,-14.95 3.15,-7.5 3.15,-19.51 3.15,-27.55 l 0,-7.07 44.98,0 0,-11.8"
             style="fill:#ebba5a;fill-opacity:1;fill-rule:nonzero;stroke:none"
             id="path114"
             inkscape:connector-curvature="0" /><path
             d="m 1781.73,2961.1 14.1406,0 0,12.8672 -14.1406,0 0,-12.8672 z"
             style="fill:#ebba5a;fill-opacity:1;fill-rule:nonzero;stroke:none"
             id="path116"
             inkscape:connector-curvature="0" /><path
             d="m 1698.03,3036.6 0,-0.32 56.47,-14.09 0,28.13 -56.47,-13.72 z m -8.35,-7.65 0,15.47 106.19,30.09 0,-13.08 -30.68,-8.34 0,-33.61 30.68,-7.88 0,-13.07 -106.19,30.42"
             style="fill:#ebba5a;fill-opacity:1;fill-rule:nonzero;stroke:none"
             id="path118"
             inkscape:connector-curvature="0" /><path
             d="m 1781.73,3087.22 14.1406,0 0,12.9219 -14.1406,0 0,-12.9219 z"
             style="fill:#ebba5a;fill-opacity:1;fill-rule:nonzero;stroke:none"
             id="path120"
             inkscape:connector-curvature="0" /><path
             d="m 1717.38,3168.05 c -10.94,0.85 -19.35,-5.11 -19.35,-16.75 0,-17.28 10.69,-19.09 19.03,-19.09 7.34,0 11.81,3.24 14.47,10.05 2.07,5.74 4.14,11.22 6.27,16.85 7.55,20.16 14.62,23.88 28.77,23.88 20.1,0 31.91,-12.61 31.91,-33.03 0,-10.52 -3.14,-22.96 -17.07,-29.13 -5.22,-2.23 -13.62,-2.13 -19.36,-2.23 l 0,11.8 c 15.74,-0.53 25.63,2.34 25.63,20.1 0,11.91 -5.95,20.25 -18.5,20.25 -16.22,0 -16.22,-6.53 -20.42,-17.27 -2.39,-5.85 -5.22,-15.16 -8.13,-20.85 -5.27,-10.1 -13.62,-12.65 -24.31,-12.65 -17.55,0 -29.03,12.33 -29.03,29.67 0,19.46 10.21,31.26 30.09,30.2 l 0,-11.8"
             style="fill:#ebba5a;fill-opacity:1;fill-rule:nonzero;stroke:none"
             id="path122"
             inkscape:connector-curvature="0" /><path
             d="m 1781.73,3201.65 14.1406,0 0,12.8711 -14.1406,0 0,-12.8711 z"
             style="fill:#ebba5a;fill-opacity:1;fill-rule:nonzero;stroke:none"
             id="path124"
             inkscape:connector-curvature="0" /><path
             d="m 1739.35,3282.58 c 0,8.61 1.28,22.12 -11.49,22.12 -9.2,0 -10.48,-8.4 -10.48,-15.95 l 0,-17.65 21.97,0 0,11.48 z m 34.56,29.09 0,-9.2 -28.56,-17.55 0,-13.82 28.56,0 0,-7.98 -62.27,0 0,27.44 c 0,5.11 0,10.31 3.35,15.05 2.39,4.52 8.14,7.18 13.4,7.07 12.24,0 16.76,-8.83 16.96,-19.51 l 28.56,18.5 z m -31.21,-75.03 c 26.48,0 47.43,21.11 47.43,47.33 0,26.16 -20.95,47.11 -47.43,47.11 -25.84,0 -47.07,-20.95 -47.07,-47.11 0,-26.22 21.23,-47.33 47.07,-47.33 z m 0,102.84 c 31.21,0 55.78,-24.89 55.78,-55.51 0,-30.79 -24.57,-55.68 -55.78,-55.68 -30.52,0 -55.41,24.89 -55.41,55.68 0,30.62 24.89,55.51 55.41,55.51"
             style="fill:#ebba5a;fill-opacity:1;fill-rule:nonzero;stroke:none"
             id="path126"
             inkscape:connector-curvature="0" /><path
             d="m 2323.24,508.191 c -1.37,11.911 3.04,27.868 8.63,46.27 9.57,32.539 21.64,73.051 8.81,120.531 l -0.85,3.246 -1.27,3.082 c -23.72,59.352 -67.32,86.039 -109.54,111.782 l -7.76,4.777 c -19.79,12.121 -45.47,21.48 -75.19,32.223 -34.67,12.546 -76.2,27.66 -105.6,47.539 l -9.46,391.249 c 0.21,12.28 0.21,24.57 0.1,36.48 -0.16,55.3 -0.32,107.41 21.59,142.13 l 4.36,6.86 2.23,7.82 c 27.87,96.72 -50.25,134.58 -83.59,150.65 -9.67,4.67 -26.9,13.07 -31.16,18.18 -4.46,14.03 -0.96,25.31 10.05,52.11 11.44,27.97 27.07,66.46 18.24,114.48 -16.7,95.13 -133.68,121.4 -220.24,132.83 -50.84,6.75 -208.28,32.7 -270.45,47.38 -27.76,38.71 -23.28,102.09 -18.4,163.87 l 1.92,27.01 c 79.97,315.43 77.9,516.75 45.89,776.4 -12.6,108.2 20.58,246.25 42.54,337.6 6.59,27.65 12.38,51.37 15.58,69.39 14.46,82.02 26.05,379.26 -9.15,561.41 l -0.42,2.42 -0.64,2.31 c -9.47,33.47 -15,61.79 -17.02,115.18 l -0.11,2.63 c -1.59,42.96 -2.97,83.46 15.42,106.64 129.8,78.78 157.19,208.04 181.07,322.52 3.45,16.7 7.07,33.95 10.9,50.57 l 1.59,7.23 -0.16,7.42 c -2.39,71.39 15.58,139.4 34.72,211.45 28.88,109.22 58.81,222.19 17.18,351.26 l -0.59,1.73 -0.58,1.76 c -31,78.11 -97.94,113.49 -158.3,140.59 -12.97,5.79 -29.09,11.61 -47.59,18.31 -68.23,24.83 -181.17,66.02 -211.63,139.96 -8.46,65.88 4.62,140.57 17.39,212.96 19.99,112.8 40.52,229.41 -15.53,328.51 -55.81,98.79 -219.34,121.47 -336.99,80.61 l -4.68,-1.57 -4.36,-2.42 c -157.901,-87.79 -138.46,-343.34 -113.471,-426.51 16.191,-54.18 29.828,-117.89 40.593,-189.21 -0.792,-26.54 -24.48,-49.46 -70.874,-68.2 l -3.489,-1.46 -3.242,-1.79 c -41.289,-23.37 -84.84,-45.25 -126.953,-66.41 -55.352,-27.78 -112.461,-56.44 -167.18,-89.7 l -1.621,-1.04 -1.617,-1.12 c -86.621,-60.93 -76.914,-169.81 -69.816,-249.36 0.925,-10.63 1.753,-20.68 2.441,-30.25 l 0.535,-8 2.711,-7.58 c 27.383,-75.75 35.121,-161.14 43.391,-251.67 10.472,-115.15 21.324,-234.07 75.293,-339.01 l 7.074,-13.72 13.051,-8.27 c 68.039,-43.49 110.308,-113.13 110.816,-182.01 -34.434,-318.4 -10.715,-629.74 68.461,-901.48 16.75,-108.58 3.668,-228.11 -9.098,-343.83 l -6.804,-63.01 c 0,0 -0.211,-2.12 -0.211,-1.75 l 0,-2.12 c -5.102,-151.13 28.183,-285.24 60.273,-414.97 10.344,-41.54 20.926,-84.5 29.777,-125.71 18.582,-97.14 14.067,-185.36 -11.593,-241.72 -50.649,-15.38 -105.203,-23.99 -162.871,-32.65 -101.161,-15.21 -205.864,-30.95 -298.305,-88.54 l -6.723,-4.25 -5.371,-5.9 c -45.41,-50.15 -40.679,-110.81 -36.746,-159.63 2.047,-26.06 3.992,-50.63 -1.805,-67.75 0,0 -2.554,-7.6 -2.66,-8.93 l -0.133,-3.4 c -3.75,-2.45 -9.839,-5.74 -14.222,-8.03 -17.172,-9.3 -38.363,-20.79 -54.664,-42.59 l -1.516,-1.92 -1.301,-2.13 c -50.062,-80.08 0.078,-161.11 28.207,-199.19 15.34,-116.01 11.082,-310.42 9.438,-385.449 -0.317,-15.692 -0.5,-26.051 -0.5,-32.16 0,-6.922 0.285,-13.719 0.5,-20.532 0.371,-10.109 1.035,-27.871 -0.824,-36.379 l -15.18,-5.199 C 248.938,846.211 141.129,809.051 60.7578,723.441 l -6.0117,-6.39 -3.7969,-7.871 C 23.4023,652.5 28.5859,577 62.0859,519.512 60.5195,516.172 58.0938,511.922 56.2344,508.719 48.125,494.52 37.0391,475.172 34.168,450.34 l 0.5586,3.93 C 28.082,418.43 7.71484,309.059 77.8516,241.102 l 5.7968,-5.59 7.0977,-3.77 C 154.133,197.922 238.676,155.648 331.863,129.07 859.609,-12.5391 1337.8,20.5898 1695.48,65.1484 c 82.42,10.2032 500.9,68.3826 638.83,202.8006 l 8.82,8.621 4.47,11.539 c 23.82,60.77 15.11,136.711 -24.36,220.082"
             style="fill:#ecba5c;fill-opacity:1;fill-rule:nonzero;stroke:none"
             id="path128"
             inkscape:connector-curvature="0" /><path
             d="m 2323.24,508.191 c -1.37,11.911 3.04,27.868 8.63,46.27 9.57,32.539 21.64,73.051 8.81,120.531 l -0.85,3.246 -1.27,3.082 c -23.72,59.352 -67.32,86.039 -109.54,111.782 l -7.76,4.777 c -19.79,12.121 -45.47,21.48 -75.19,32.223 -34.67,12.546 -76.2,27.66 -105.6,47.539 l -9.46,391.249 c 0.21,12.28 0.21,24.57 0.1,36.48 -0.16,55.3 -0.32,107.41 21.59,142.13 l 4.36,6.86 2.23,7.82 c 27.87,96.72 -50.25,134.58 -83.59,150.65 -9.67,4.67 -26.9,13.07 -31.16,18.18 -4.46,14.03 -0.96,25.31 10.05,52.11 11.44,27.97 27.07,66.46 18.24,114.48 -16.7,95.13 -133.68,121.4 -220.24,132.83 -50.84,6.75 -208.28,32.7 -270.45,47.38 -27.76,38.71 -23.28,102.09 -18.4,163.87 l 1.92,27.01 c 79.97,315.43 77.9,516.75 45.89,776.4 -12.6,108.2 20.58,246.25 42.54,337.6 6.59,27.65 12.38,51.37 15.58,69.39 14.46,82.02 26.05,379.26 -9.15,561.41 l -0.42,2.42 -0.64,2.31 c -9.47,33.47 -15,61.79 -17.02,115.18 l -0.11,2.63 c -1.59,42.96 -2.97,83.46 15.42,106.64 129.8,78.78 157.19,208.04 181.07,322.52 3.45,16.7 7.07,33.95 10.9,50.57 l 1.59,7.23 -0.16,7.42 c -2.39,71.39 15.58,139.4 34.72,211.45 28.88,109.22 58.81,222.19 17.18,351.26 l -0.59,1.73 -0.58,1.76 c -31,78.11 -97.94,113.49 -158.3,140.59 -12.97,5.79 -29.09,11.61 -47.59,18.31 -68.23,24.83 -181.17,66.02 -211.63,139.96 -8.46,65.88 4.62,140.57 17.39,212.96 19.99,112.8 40.52,229.41 -15.53,328.51 -55.81,98.79 -219.34,121.47 -336.99,80.61 l -4.68,-1.57 -4.36,-2.42 c -157.901,-87.79 -138.46,-343.34 -113.471,-426.51 16.191,-54.18 29.828,-117.89 40.593,-189.21 -0.792,-26.54 -24.48,-49.46 -70.874,-68.2 l -3.489,-1.46 -3.242,-1.79 c -41.289,-23.37 -84.84,-45.25 -126.953,-66.41 -55.352,-27.78 -112.461,-56.44 -167.18,-89.7 l -1.621,-1.04 -1.617,-1.12 c -86.621,-60.93 -76.914,-169.81 -69.816,-249.36 0.925,-10.63 1.753,-20.68 2.441,-30.25 l 0.535,-8 2.711,-7.58 c 27.383,-75.75 35.121,-161.14 43.391,-251.67 10.472,-115.15 21.324,-234.07 75.293,-339.01 l 7.074,-13.72 13.051,-8.27 c 68.039,-43.49 110.308,-113.13 110.816,-182.01 -34.434,-318.4 -10.715,-629.74 68.461,-901.48 16.75,-108.58 3.668,-228.11 -9.098,-343.83 l -6.804,-63.01 c 0,0 -0.211,-2.12 -0.211,-1.75 l 0,-2.12 c -5.102,-151.13 28.183,-285.24 60.273,-414.97 10.344,-41.54 20.926,-84.5 29.777,-125.71 18.582,-97.14 14.067,-185.36 -11.593,-241.72 -50.649,-15.38 -105.203,-23.99 -162.871,-32.65 -101.161,-15.21 -205.864,-30.95 -298.305,-88.54 l -6.723,-4.25 -5.371,-5.9 c -45.41,-50.15 -40.679,-110.81 -36.746,-159.63 2.047,-26.06 3.992,-50.63 -1.805,-67.75 0,0 -2.554,-7.6 -2.66,-8.93 l -0.133,-3.4 c -3.75,-2.45 -9.839,-5.74 -14.222,-8.03 -17.172,-9.3 -38.363,-20.79 -54.664,-42.59 l -1.516,-1.92 -1.301,-2.13 c -50.062,-80.08 0.078,-161.11 28.207,-199.19 15.34,-116.01 11.082,-310.42 9.438,-385.449 -0.317,-15.692 -0.5,-26.051 -0.5,-32.16 0,-6.922 0.285,-13.719 0.5,-20.532 0.371,-10.109 1.035,-27.871 -0.824,-36.379 l -15.18,-5.199 C 248.938,846.211 141.129,809.051 60.7578,723.441 l -6.0117,-6.39 -3.7969,-7.871 C 23.4023,652.5 28.5859,577 62.0859,519.512 60.5195,516.172 58.0938,511.922 56.2344,508.719 48.125,494.52 37.0391,475.172 34.168,450.34 l 0.5586,3.93 C 28.082,418.43 7.71484,309.059 77.8516,241.102 l 5.7968,-5.59 7.0977,-3.77 C 154.133,197.922 238.676,155.648 331.863,129.07 859.609,-12.5391 1337.8,20.5898 1695.48,65.1484 c 82.42,10.2032 500.9,68.3826 638.83,202.8006 l 8.82,8.621 4.47,11.539 c 23.82,60.77 15.11,136.711 -24.36,220.082 z"
             style="fill:none;stroke:#ecba5c;stroke-width:53.62200165;stroke-linecap:butt;stroke-linejoin:miter;stroke-miterlimit:4;stroke-opacity:1;stroke-dasharray:none"
             id="path130"
             inkscape:connector-curvature="0" /><path
             d="m 2325.54,512.441 c -1.39,11.918 3.13,27.868 8.55,46.258 9.79,32.543 21.81,73.063 8.89,120.66 l -0.8,3.133 -1.23,3.086 c -23.76,59.344 -67.37,86.031 -109.53,111.774 l -7.82,4.777 c -19.73,12.133 -45.47,21.492 -75.24,32.23 -34.73,12.5 -76.2,27.75 -105.45,47.539 l -9.57,391.252 c 0.21,12.28 0.21,24.57 0.21,36.47 -0.21,55.3 -0.37,107.47 21.6,142.19 l 4.24,6.91 2.24,7.71 c 27.86,96.78 -50.25,134.59 -83.59,150.64 -9.67,4.68 -26.91,13.09 -31.26,18.19 -4.37,14.04 -0.8,25.31 10.1,52.06 11.49,28.07 27.17,66.52 18.29,114.54 -16.8,95.23 -133.68,121.49 -220.19,132.87 -50.89,6.71 -208.39,32.55 -270.5,47.33 -27.81,38.7 -23.18,102.14 -18.4,163.99 l 1.92,27.01 c 80.08,315.26 77.95,516.63 45.95,776.28 -12.61,108.21 20.57,246.25 42.48,337.61 6.65,27.64 12.39,51.47 15.52,69.38 14.47,82.13 26.06,379.27 -9.03,561.41 l -0.43,2.42 -0.69,2.29 c -9.36,33.52 -14.94,61.81 -17.01,115.2 l -0.06,2.66 c -1.65,43.04 -2.98,83.45 15.48,106.71 129.74,78.68 157.02,207.97 180.94,322.53 3.51,16.62 7.13,33.88 10.79,50.49 l 1.76,7.23 -0.26,7.42 c -2.29,71.39 15.74,139.4 34.71,211.42 28.99,109.24 58.93,222.18 17.18,351.3 l -0.48,1.8 -0.69,1.67 c -30.84,78.12 -97.89,113.51 -158.35,140.6 -12.92,5.79 -28.93,11.7 -47.54,18.4 -68.22,24.72 -181.05,65.93 -211.57,139.87 -8.35,65.86 4.68,140.54 17.44,213.04 19.99,112.73 40.46,229.34 -15.48,328.45 -55.88,98.85 -219.39,121.45 -337.06,80.59 l -4.69,-1.62 -4.35,-2.37 C 884.605,5930.13 904.039,5674.5 929.004,5591.28 c 16.269,-54.05 29.914,-117.83 40.68,-189.17 -0.856,-26.53 -24.543,-49.45 -70.934,-68.19 l -3.434,-1.38 -3.242,-1.86 c -41.344,-23.37 -84.89,-45.28 -127.008,-66.45 -55.242,-27.68 -112.488,-56.44 -167.121,-89.69 l -1.675,-1.02 -1.567,-1.04 c -86.621,-61.04 -76.867,-169.89 -69.898,-249.46 0.957,-10.66 1.883,-20.68 2.5,-30.15 l 0.527,-8.11 2.77,-7.52 c 27.25,-75.69 35.144,-161.17 43.386,-251.68 10.504,-115.09 21.293,-234.12 75.293,-338.95 l 7.047,-13.72 13.004,-8.35 c 68.008,-43.52 110.387,-113.15 110.918,-182.07 -34.484,-318.35 -10.82,-629.68 68.461,-901.34 16.699,-108.69 3.562,-228.23 -9.145,-343.93 l -6.832,-63.02 c 0,0 -0.16,-2.12 -0.16,-1.75 l -0.054,-2.12 c -5.047,-151.02 28.183,-285.23 60.351,-414.97 10.211,-41.53 20.867,-84.44 29.672,-125.71 18.664,-97.15 14.062,-185.25 -11.535,-241.67 -50.703,-15.37 -105.207,-24.03 -162.82,-32.64 -101.297,-15.16 -205.997,-30.95 -298.415,-88.54 l -6.726,-4.31 -5.371,-5.9 c -45.379,-50.03 -40.598,-110.71 -36.66,-159.63 2.046,-25.95 4.011,-50.62 -1.805,-67.74 0,0 -2.555,-7.61 -2.633,-8.93 l -0.191,-3.35 c -3.746,-2.5 -9.887,-5.7 -14.325,-8.09 -17.019,-9.31 -38.261,-20.79 -54.64,-42.48 l -1.438,-2.02 -1.296,-2.02 c -50.016,-80.19 0.078,-161.17 28.234,-199.3 15.262,-116.02 11.082,-310.32 9.461,-385.401 -0.317,-15.738 -0.61,-26.007 -0.61,-32.179 0,-6.899 0.293,-13.821 0.532,-20.571 0.425,-10.097 1.011,-27.859 -0.743,-36.371 l -15.21,-5.218 C 251.199,850.469 143.441,813.301 63.0703,727.691 l -5.9023,-6.269 -3.8594,-7.871 C 25.7656,656.859 31.0078,581.301 64.5078,523.711 62.8828,520.422 60.4102,516.27 58.6016,513.031 50.4922,498.891 39.3555,479.48 36.5312,454.59 l 0.5079,3.941 C 30.3945,422.691 10.082,313.359 80.2734,245.398 L 85.9609,239.879 93.1133,236 C 156.469,202.23 241.047,159.91 334.23,133.262 862.008,-8.17969 1340.12,24.8398 1697.81,69.3984 c 82.53,10.3204 500.85,68.3826 638.84,202.8126 l 8.82,8.609 4.52,11.539 c 23.77,60.782 15.11,136.762 -24.45,220.082"
             style="fill:#ecba5c;fill-opacity:1;fill-rule:nonzero;stroke:none"
             id="path132"
             inkscape:connector-curvature="0" /><path
             d="m 1747.48,1877.94 c -50.73,6.7 -244.38,38.19 -295.49,53.39 -63.64,63.59 -45.78,168.03 -40.67,250.61 78.43,306.97 77.53,502.5 45.78,760.76 -17.81,152.71 45.78,351.47 58.49,423.58 12.71,72.07 25.47,362.54 -8.88,540.67 -11.54,40.76 -16.96,73.38 -19.09,128.49 -2.12,55.14 -5.1,114.48 34.4,155.25 133.47,75 144.16,210.69 174.2,342.14 -6.38,192.09 117.09,353.66 54.77,547 -21.64,54.71 -67,81.86 -128.58,109.38 -61.46,27.62 -247.15,71.27 -291.65,195.91 -26.7,179.38 88.11,386.18 8,527.94 -41.37,73.14 -176.83,86.54 -268.39,54.72 -125.917,-69.98 -105.659,-296.45 -86.542,-360.04 19.112,-63.6 33.072,-133.5 43.312,-202.25 1.22,-64.84 -53.468,-103.08 -106.91,-124.64 -96.671,-54.74 -198.39,-97.97 -292.503,-155.24 -68.758,-48.33 -48.418,-152.61 -43.34,-228.91 66.144,-183.24 26.769,-410.95 115.785,-583.93 77.605,-49.64 137.348,-136.13 137.348,-231.55 -33.079,-300.21 -13.961,-613.17 67.453,-889.14 21.668,-137.51 -1.305,-286.33 -15.266,-423.69 -6.406,-190.79 52.191,-354.88 89.094,-527.91 17.816,-92.95 22.839,-217.59 -28.047,-300.16 -151.359,-53.49 -331.992,-35.63 -470.641,-122.14 -49.64,-54.66 -3.859,-139.95 -26.773,-207.38 -1.195,-47.12 -57.188,-48.34 -80.137,-78.85 -31.765,-50.89 3.828,-106.83 34.356,-146.28 21.664,-139.96 11.429,-404.119 11.429,-440.24 0,-35.93 8.934,-85.121 -26.691,-106.809 C 290.492,802.98 182.418,771.18 104.809,688.449 83.1445,644 92.0977,581.621 120.074,542.109 134.082,505.32 97.2344,481.07 93.4102,448 83.1445,393.391 79.418,325.91 120.074,286.461 193.824,247.109 268.93,211.48 349.062,188.621 842.621,56.3203 1301.99,77.8086 1690.69,126.191 c 219.29,27.391 510.52,93.957 605.97,187.059 22.86,58.492 0,129.75 -26.75,183.141 -12.7,56.039 34.41,106.871 17.81,167.918 -17.81,44.562 -52.74,63.589 -94.12,89.011 -41.31,25.52 -150.1,45.942 -207.32,100.551 l -10.16,418.539 c 1.17,73.75 -6.37,151.43 30.53,209.93 24.14,84.01 -83.96,72.42 -111.93,128.46 -28.02,71.2 36.85,111.93 24.09,180.69 -6.44,36.95 -47.8,70.18 -171.33,86.45"
             style="fill:#1c1b20;fill-opacity:1;fill-rule:nonzero;stroke:none"
             id="path134"
             inkscape:connector-curvature="0" /><path
             d="m 1197.56,5564.5 c 3.86,-12.7 -10.16,-6.35 -15.27,-11.4 l -17.81,2.45 c 8.96,8.95 20.37,10.26 33.08,8.95"
             style="fill:#cda24f;fill-opacity:1;fill-rule:nonzero;stroke:none"
             id="path136"
             inkscape:connector-curvature="0" /><path
             d="m 1070.37,4646.06 c -6.39,-1.3 -12.71,-11.46 -19.09,-3.85 -6.41,16.51 0,34.38 6.38,49.64 12.71,-8.91 12.71,-27.97 12.71,-45.79"
             style="fill:#cda24f;fill-opacity:1;fill-rule:nonzero;stroke:none"
             id="path138"
             inkscape:connector-curvature="0" /><path
             d="m 850.332,1675.67 15.266,0 -15.266,0"
             style="fill:#ffffff;fill-opacity:1;fill-rule:nonzero;stroke:none"
             id="path140"
             inkscape:connector-curvature="0" /><path
             d="m 1186.15,1663.02 c -91.64,-15.32 -217.505,-12.76 -314.177,8.82 103,1.28 211.107,-1.27 314.177,-8.82"
             style="fill:#ffffff;fill-opacity:1;fill-rule:nonzero;stroke:none"
             id="path142"
             inkscape:connector-curvature="0" /><path
             d="m 1203.96,1663.02 15.27,0 -15.27,0"
             style="fill:#ffffff;fill-opacity:1;fill-rule:nonzero;stroke:none"
             id="path144"
             inkscape:connector-curvature="0" /><path
             d="m 2226.68,633.781 0,-2.551 -8.83,0 2.45,6.329 c 2.55,-2.438 3.83,-3.778 6.38,-3.778"
             style="fill:#cfa718;fill-opacity:1;fill-rule:nonzero;stroke:none"
             id="path146"
             inkscape:connector-curvature="0" /><path
             d="m 1228.08,5924.54 c 19.12,-67.45 10.15,-147.56 -26.66,-203.57 0,-33.08 -2.56,-75 2.54,-110.68 40.68,6.41 22.85,56.04 30.52,80.16 6.31,10.24 11.41,15.26 21.56,20.36 17.82,3.86 35.64,-3.79 39.49,-20.36 -30.52,-53.44 -2.55,-118.34 -24.22,-174.27 -6.3,-17.82 -29.25,-24.23 -43.23,-12.72 -12.71,25.42 -44.48,27.97 -69.97,21.56 -25.42,-22.81 -25.42,-62.29 -33.08,-94.11 11.48,-38.07 55.99,-44.48 63.59,-86.46 -10.15,-61.1 11.49,-129.75 -17.73,-179.38 -35.65,-45.79 -119.61,-53.45 -113.23,-122.09 10.15,-38.18 13.98,-78.93 43.23,-110.63 1.27,-52.27 -59.77,-68.83 -89.01,-103.1 -59.771,-36.88 -87.794,-83.96 -150.142,-122.14 -22.922,-6.31 -39.48,7.65 -45.781,26.77 -1.305,30.52 12.711,58.49 40.68,71.15 22.914,12.71 57.293,7.71 70.004,39.47 -24.145,26.73 -67.453,21.57 -97.973,39.44 -17.816,11.4 -36.828,27.91 -54.742,33.07 -75.059,-122.09 83.961,-245.58 -19.016,-359.96 -2.547,-7.71 5,-12.81 10.156,-17.81 22.922,2.55 39.375,-12.71 45.786,-34.38 -10.161,-61.04 11.406,-114.53 50.886,-152.71 59.742,-72.45 155.162,-38.13 241.702,-50.78 17.81,-7.71 34.38,-26.81 36.93,-45.79 -14.09,-91.67 17.74,-208.65 -28.05,-290.14 -15.26,-8.85 -34.3,-24.11 -52.11,-6.3 -43.31,64.87 -92.898,114.48 -142.534,170.42 -8.852,20.36 -11.453,53.44 2.554,69.97 10.208,10.16 43.309,27.97 17.813,45.79 -41.93,12.71 -76.305,57.21 -106.828,86.57 -33.07,3.72 -83.957,-14.09 -109.375,17.81 -56.047,73.75 -56.047,169.12 -70.004,259.54 -19.117,90.26 43.23,203.5 -36.93,281.05 -25.414,66.18 -33.074,159.02 17.813,216.23 70.008,58.55 160.316,78.86 241.73,113.21 66.149,21.64 136.151,117.06 207.351,45.86 15.26,-17.81 24.19,-59.84 54.71,-48.33 26.7,43.22 -30.52,76.3 -48.33,111.87 -43.31,119.59 62.32,230.27 -15.26,333.35 -6.38,22.86 8.88,41.98 27.97,48.33 10.13,-3.79 13.98,7.61 20.36,12.71 -15.26,35.65 -66.14,17.82 -91.56,39.46 -30.604,41.98 -20.37,99.27 3.78,141.2 36.9,49.64 97.94,40.68 148.82,54.75 29.25,12.62 34.38,-21.68 45.79,-34.39"
             style="fill:#ecba5c;fill-opacity:1;fill-rule:nonzero;stroke:none"
             id="path148"
             inkscape:connector-curvature="0" /><path
             d="m 1055.11,5549.25 c -3.83,-7.66 -6.38,-7.66 -12.71,-15.26 -26.75,26.72 -49.619,66.2 -39.46,113.23 6.38,15.26 19.09,6.3 26.75,0 17.73,-29.33 30.52,-59.85 25.42,-97.97"
             style="fill:#ecba5c;fill-opacity:1;fill-rule:nonzero;stroke:none"
             id="path150"
             inkscape:connector-curvature="0" /><path
             d="m 1286.68,5378.72 c -2.56,-12.71 -3.86,-24.12 -17.81,-27.97 -16.58,8.96 -21.67,29.27 -19.12,49.63 15.26,20.37 36.93,-3.79 36.93,-21.66"
             style="fill:#ecba5c;fill-opacity:1;fill-rule:nonzero;stroke:none"
             id="path152"
             inkscape:connector-curvature="0" /><path
             d="m 1637.78,5143.42 c 62.27,-24.14 63.6,-88.98 85.13,-137.34 33.08,-126 -105.55,-180.64 -91.56,-298.97 7.65,-53.39 12.76,-110.68 6.43,-165.32 -11.54,-11.51 -24.2,-25.52 -43.34,-17.81 -22.86,15.26 -36.79,40.62 -45.78,67.4 3.89,104.27 40.73,197.14 40.73,305.32 l -6.32,5.05 c -67.48,-57.25 -183.13,-62.35 -263.31,-26.72 -61.16,26.72 -21.67,110.68 -33.08,161.56 20.25,59.77 97.84,87.75 91.56,159 17.81,20.42 43.23,12.7 63.6,6.33 61.04,-30.53 132.29,-35.55 195.94,-58.5"
             style="fill:#ecba5c;fill-opacity:1;fill-rule:nonzero;stroke:none"
             id="path154"
             inkscape:connector-curvature="0" /><path
             d="m 1207.82,4813.99 c 24.11,-33.08 30.41,-81.41 17.81,-122.14 -24.21,-27.97 -84.09,17.81 -94.22,-36.93 6.41,-31.72 -10.16,-52.08 -21.56,-76.3 -34.38,-43.24 -81.49,10.2 -122.17,-12.72 -39.399,-14.01 -45.782,-72.44 -91.567,-70 -34.375,31.77 10.11,72.56 21.563,100.53 -14.008,40.73 -27.969,87.81 0,125.99 66.152,60.99 143.764,144.96 253.214,115.74 l 36.93,-24.17"
             style="fill:#ecba5c;fill-opacity:1;fill-rule:nonzero;stroke:none"
             id="path156"
             inkscape:connector-curvature="0" /><path
             d="m 1042.4,4493.46 c 12.71,-22.98 29.24,-39.49 54.66,-43.34 61.05,1.25 128.57,83.96 176.8,19.11 31.82,-97.97 151.38,-86.56 226.47,-132.34 17.81,-2.45 30.52,17.81 33.08,30.52 8.82,57.29 -58.5,70 -50.89,122.19 34.3,19.11 63.59,-16.56 87.78,-33.07 30.53,-43.24 35.53,-119.64 6.33,-165.43 -59.81,-41.93 -118.31,13.99 -176.69,21.67 l -180.71,30.52 c -33.08,16.51 -28.05,64.9 -70.01,67.46 -63.59,27.96 -158.986,-8.97 -200.939,54.63 5.024,22.91 19.031,40.73 41.953,45.89 22.916,5 39.456,-6.41 52.166,-17.81"
             style="fill:#ecba5c;fill-opacity:1;fill-rule:nonzero;stroke:none"
             id="path158"
             inkscape:connector-curvature="0" /><path
             d="m 1426.57,4016.33 c 59.72,-110.68 77.59,-245.43 67.48,-377.77 0,-5.11 -6.43,-8.97 -8.98,-12.72 -12.71,3.75 -17.81,21.57 -21.64,34.28 -15.31,83.96 -30.42,167.97 -76.36,240.42 -13.98,38.23 19.14,85.26 -26.64,106.93 -3.86,33.08 12.66,77.58 45.78,97.95 34.35,-10.24 8.83,-61.04 20.36,-89.09"
             style="fill:#ecba5c;fill-opacity:1;fill-rule:nonzero;stroke:none"
             id="path160"
             inkscape:connector-curvature="0" /><path
             d="m 987.68,4016.33 c 22.92,-146.31 134.88,-256.99 139.9,-412.15 3.83,-157.72 -2.55,-317.98 -17.73,-473.25 -7.69,-38.08 -16.57,-90.28 -61.12,-100.44 l -21.59,27.97 c -47.062,212.42 -108.214,419.78 -113.21,649.99 l -2.551,2.55 -6.406,-8.85 c -20.368,-160.26 35.625,-298.99 33.07,-451.58 0,-8.93 -10.156,-10.21 -17.813,-8.93 -81.414,220.08 -106.828,489.78 -36.929,723.8 10.261,24.22 24.219,62.4 58.597,61.13 16.508,0 34.325,-36.91 45.782,-10.24"
             style="fill:#ecba5c;fill-opacity:1;fill-rule:nonzero;stroke:none"
             id="path162"
             inkscape:connector-curvature="0" /><path
             d="m 1380.79,3695.75 c 31.8,-118.32 -28.08,-221.31 -42.03,-332.03 -7.6,-8.82 -16.56,-26.64 -30.52,-24.14 -8.86,2.56 -8.86,5.11 -15.26,11.49 l 0,400.72 c 3.8,15.26 6.4,36.82 24.22,41.92 44.48,-11.4 44.48,-63.59 63.59,-97.96"
             style="fill:#ecba5c;fill-opacity:1;fill-rule:nonzero;stroke:none"
             id="path164"
             inkscape:connector-curvature="0" /><path
             d="m 1378.24,3008.84 c 80.08,-123.36 71.14,-291.34 69.88,-442.62 -8.83,-15.31 -3.73,-43.33 -26.65,-48.43 l -15.26,15.26 c 12.66,132.29 -10.16,265.86 -27.97,394.34 -39.48,31.84 -85.26,73.9 -78.86,131.07 30.53,29.3 61.05,-24.2 78.86,-49.62"
             style="fill:#ecba5c;fill-opacity:1;fill-rule:nonzero;stroke:none"
             id="path166"
             inkscape:connector-curvature="0" /><path
             d="m 996.617,2999.86 c 11.433,-86.41 -19.094,-164.05 -21.644,-250.5 l -11.434,-240.45 c -3.828,-3.83 -7.68,-8.94 -12.785,-6.39 -27.973,81.41 -20.316,176.86 -30.524,265.87 -3.746,86.47 12.708,179.41 43.309,259.54 20.289,7.61 25.391,-16.53 33.078,-28.07"
             style="fill:#ecba5c;fill-opacity:1;fill-rule:nonzero;stroke:none"
             id="path168"
             inkscape:connector-curvature="0" /><path
             d="m 1195,2746.75 c 1.28,-18.98 1.28,-38.12 -12.71,-52.11 -20.36,5.05 -22.86,33.13 -20.36,54.72 -7.6,36.84 35.63,20.31 33.07,-2.61"
             style="fill:#ecba5c;fill-opacity:1;fill-rule:nonzero;stroke:none"
             id="path170"
             inkscape:connector-curvature="0" /><path
             d="m 1387.07,2011.52 45.94,-137.35 c -34.5,-34.4 -48.49,-109.43 -113.25,-80.13 -38.24,17.7 -66.16,69.87 -100.53,91.56 -10.24,7.56 -6.41,22.81 -2.56,30.53 7.58,11.37 17.81,13.92 30.53,12.65 16.5,-11.43 29.22,-31.79 52.18,-27.97 22.82,27.97 -5.15,57.22 2.45,89.02 29.33,45.83 -54.63,87.84 17.93,113.25 45.78,-5.05 48.22,-59.77 67.31,-91.56"
             style="fill:#ecba5c;fill-opacity:1;fill-rule:nonzero;stroke:none"
             id="path172"
             inkscape:connector-curvature="0" /><path
             d="m 499.148,1488.61 c 1.301,-20.27 0,-41.91 -19.035,-52.11 -16.508,0 -35.633,0 -45.789,12.76 -13.953,12.66 -19.109,33.08 -15.336,48.28 22.946,17.86 58.571,12.77 80.16,-8.93"
             style="fill:#ecba5c;fill-opacity:1;fill-rule:nonzero;stroke:none"
             id="path174"
             inkscape:connector-curvature="0" /><path
             d="m 1936.67,1342.38 c -35.63,-151.38 -7.66,-319.25 -11.43,-473.251 5.05,-36.899 16.54,-90.289 -15.26,-119.527 -8.94,-6.383 -19.09,-10.211 -30.52,-8.93 -19.09,45.719 0,108.098 -28.02,150.148 1.22,72.43 50.88,128.48 33.07,204.73 -7.61,81.46 -24.14,166.7 -8.88,249.28 11.43,24.25 66.15,38.28 61.04,-2.45"
             style="fill:#ecba5c;fill-opacity:1;fill-rule:nonzero;stroke:none"
             id="path176"
             inkscape:connector-curvature="0" /><path
             d="m 578.086,1333.45 c -26.777,-104.28 -12.816,-221.32 -11.516,-329.46 24.223,-80.092 16.512,-183.189 5.106,-265.881 -7.629,-10.211 -24.219,-7.55 -33.071,-3.879 -57.187,36.95 -5.082,106.942 -21.562,165.422 l 21.562,122.198 c -38.156,89.01 -16.562,184.4 -17.812,283.62 5.102,22.92 24.219,33.08 45.777,36.91 7.66,3.78 7.66,-6.38 11.516,-8.93"
             style="fill:#ecba5c;fill-opacity:1;fill-rule:nonzero;stroke:none"
             id="path178"
             inkscape:connector-curvature="0" /><path
             d="m 828.668,1274.95 c 5.102,-55.93 -41.93,-92.84 -33.078,-146.33 26.668,-134.85 26.668,-281.19 0,-414.651 -14.008,-34.348 -61.043,-19.137 -89.012,-15.258 -15.262,1.328 -31.82,17.711 -33.07,33.07 -8.961,81.418 24.109,146.289 30.515,222.649 6.305,108.04 -1.296,235.23 5.11,339.66 34.265,25.32 97.863,19.05 119.535,-19.14"
             style="fill:#ecba5c;fill-opacity:1;fill-rule:nonzero;stroke:none"
             id="path180"
             inkscape:connector-curvature="0" /><path
             d="m 1329.91,1283.78 c 39.4,-35.52 12.65,-102.94 11.41,-152.61 -38.21,-147.498 35.64,-297.658 6.4,-447.721 -6.4,-26.801 -33.07,-29.359 -58.6,-30.519 -150.05,-5.098 -296.339,-10.258 -432.483,26.691 -22.867,54.609 3.801,118.309 0,180.688 0,101.671 -59.797,194.611 -25.422,296.281 21.672,42.07 45.789,85.29 61.047,127.19 l 27.968,10.31 409.68,-10.31"
             style="fill:#ecba5c;fill-opacity:1;fill-rule:nonzero;stroke:none"
             id="path182"
             inkscape:connector-curvature="0" /><path
             d="m 2239.39,692.281 c 17.82,-34.351 20.42,-81.359 -3.77,-113.211 -27.97,-31.738 -69.99,-48.332 -115.77,-36.961 -17.81,1.332 -25.47,20.422 -30.51,34.411 -2.55,38.23 54.71,58.601 30.51,96.671 -20.36,28.071 -67.36,26.848 -69.97,64.918 63.65,39.461 146.28,10.211 189.51,-45.828"
             style="fill:#ecba5c;fill-opacity:1;fill-rule:nonzero;stroke:none"
             id="path184"
             inkscape:connector-curvature="0" /><path
             d="m 342.688,649.102 c 10.234,-17.872 -3.805,-34.352 -11.438,-48.383 -11.406,-12.77 -26.742,-13.938 -39.453,-6.391 -19.039,14.043 -5.024,36.902 0,52.223 6.383,20.308 40.758,21.539 50.891,2.551"
             style="fill:#ecba5c;fill-opacity:1;fill-rule:nonzero;stroke:none"
             id="path186"
             inkscape:connector-curvature="0" /><path
             d="m 1424.02,618.582 c 21.64,-8.992 47.06,-28.082 54.61,-52.223 22.97,-57.308 -10.09,-108.05 -39.34,-152.609 -58.5,-29.352 -132.36,-19.141 -201.06,-20.359 -119.53,5.097 -247.996,-13.981 -357.375,15.257 -33.074,17.813 -20.417,54.661 -39.402,78.852 -31.902,47.059 -94.195,76.309 -73.832,137.359 4.996,16.59 21.664,14.032 33.07,17.813 206.049,-21.531 414.679,-20.371 623.329,-24.09"
             style="fill:#ecba5c;fill-opacity:1;fill-rule:nonzero;stroke:none"
             id="path188"
             inkscape:connector-curvature="0" /><path
             d="m 1772.53,591.891 c 8.98,-36.911 -39.4,-40.789 -58.44,-61.153 -52.21,-30.519 -81.46,-74.976 -124.7,-113.269 -12.76,-3.719 -21.64,3.89 -28.01,11.551 6.37,76.3 81.4,109.421 97.94,180.57 36.9,30.519 78.91,-2.551 113.21,-17.699"
             style="fill:#ecba5c;fill-opacity:1;fill-rule:nonzero;stroke:none"
             id="path190"
             inkscape:connector-curvature="0" /><path
             d="m 416.516,426.461 c 19.035,-12.711 31.824,-36.961 21.558,-61.102 -5.078,-20.308 -29.187,-35.57 -45.777,-45.828 -83.938,5.16 -156.438,35.68 -226.442,73.86 -20.367,11.429 -12.71,41.949 -6.406,57.16 11.563,17.871 29.352,30.519 45.887,39.508 76.305,-7.649 142.476,-39.508 211.18,-63.598"
             style="fill:#ecba5c;fill-opacity:1;fill-rule:nonzero;stroke:none"
             id="path192"
             inkscape:connector-curvature="0" /><path
             d="m 2257.21,439.172 c 10.26,-28.07 10.26,-69.981 -11.38,-89.121 -43.34,6.379 -42.07,56.051 -67.48,82.738 -6.39,21.652 7.7,31.801 24.14,39.461 28.02,15.25 45.89,-12.719 54.72,-33.078"
             style="fill:#ecba5c;fill-opacity:1;fill-rule:nonzero;stroke:none"
             id="path194"
             inkscape:connector-curvature="0" /><path
             d="m 1454.55,343.77 c 10.1,-1.27 19.08,-10.098 24.08,-15.309 -21.53,-38.172 -26.64,-94.109 -72.42,-113.152 -243,-11.539 -484.73,-8.93 -712.444,34.351 -27.973,25.422 14.062,67.422 12.812,103 5,13.981 19.113,6.328 27.969,12.699 232.765,-34.238 471.973,-24.14 720.003,-21.589"
             style="fill:#ecba5c;fill-opacity:1;fill-rule:nonzero;stroke:none"
             id="path196"
             inkscape:connector-curvature="0" /><path
             d="m 1805.65,206.379 c 1.27,-35.629 -33.12,-29.25 -54.66,-42.008 -15.32,3.828 -28.08,7.649 -30.63,24.25 3.83,25.418 34.36,25.418 54.77,30.508 12.65,0 26.75,0 30.52,-12.75"
             style="fill:#ecba5c;fill-opacity:1;fill-rule:nonzero;stroke:none"
             id="path198"
             inkscape:connector-curvature="0" /><path
             d="m 1524.58,1883.05 c -11.54,-15.31 11.38,-26.75 21.53,-30.52 85.24,-20.42 178.08,-21.7 262.09,-45.84 2.55,-3.83 15.27,-11.48 6.39,-19.03 -49.62,-24.14 -87.84,30.52 -137.4,3.83 -71.36,-57.33 -175.59,-30.53 -262.15,-49.67 -92.84,-13.93 -227.64,-29.3 -293.79,25.42 -16.53,13.98 -19.09,42 -8.93,61.04 11.49,30.52 89.1,47.06 61.12,87.85 -14.01,11.37 -29.29,12.65 -45.86,6.27 l -54.66,-52.11 c 8.88,42.01 20.36,96.67 61.04,128.52 20.37,0 50.89,-29.35 58.49,8.88 l -10.16,244.28 c -3.82,5.1 -11.4,15.21 -17.81,6.38 -27.97,-43.34 -20.33,-101.82 -30.52,-152.71 -17.81,5.11 -13.98,27.97 -21.64,43.23 10.24,167.92 57.27,328.24 30.6,503.76 -14.03,89.07 -14.03,193.4 -82.71,253.12 -27.97,2.54 -31.85,-30.53 -42.01,-49.52 -61.044,-202.32 -16.56,-424.91 8.94,-628.51 6.33,-132.24 -15.26,-253.11 -85.242,-353.55 -12.71,-26.8 6.383,-58.54 33.075,-61.1 36.907,-5.1 61.047,-34.4 82.687,-64.92 3.78,-12.71 8.88,-41.96 -15.26,-39.41 -128.47,12.77 -265.923,20.32 -384.158,63.61 l 0,6.32 c 45.781,12.82 110.629,-15.15 142.449,24.19 0,11.44 -11.406,22.92 -2.546,34.35 26.664,15.32 59.742,16.54 85.156,33.08 -36.821,16.54 -83.906,-33.08 -115.68,6.43 -90.363,-8.98 -181.933,-12.81 -253.133,-67.48 -19.117,-12.75 -2.554,-33.07 6.305,-42 l 24.219,-21.64 c -15.266,-7.61 -43.336,3.88 -45.864,-21.53 -1.222,-22.98 1.301,-44.57 8.934,-63.61 8.961,15.21 27.969,43.19 52.191,24.14 40.672,-17.86 86.457,-22.92 124.637,-43.28 -1.301,-29.25 -49.637,-62.31 -6.41,-87.73 111.934,-34.36 232.879,-45.84 351.19,-61.05 -11.49,-7.65 -35.628,-29.35 -17.81,-45.84 22.83,-25.41 68.62,-3.77 91.56,-19.14 -91.56,-24.14 -190.811,24.25 -274.772,-17.81 -11.516,-8.88 -10.156,-25.41 -6.41,-36.85 76.41,-25.52 167.976,-16.54 250.662,-28.07 89.01,3.87 192.09,-11.38 272.25,25.51 7.54,8.89 16.51,22.98 8.85,35.64 -8.85,16.58 -25.42,12.75 -36.82,21.58 151.34,19.14 304.05,31.8 442.67,82.75 2.55,6.37 10.1,13.92 2.55,21.64 -22.97,22.81 -64.92,5.1 -94.12,15.26 31.75,13.93 8.89,83.96 61.05,63.59 16.54,26.69 39.4,53.44 30.52,85.24 l -21.64,15.26 c -109.43,-15.26 -207.38,-29.3 -320.64,-35.63 138.73,43.29 299.16,47.44 330,59.13 29.56,11.17 136.34,27.76 124.42,84.44 -8.5,40.2 -297.88,91.78 -347.43,63.81"
             style="fill:#ecba5c;fill-opacity:1;fill-rule:nonzero;stroke:none"
             id="path200"
             inkscape:connector-curvature="0" /><path
             d="m 1695.48,2104.62 c 0,-18.13 19.09,-22.64 42.65,-22.6 30.83,0.17 47.06,3.41 47.06,22.87 0,19.62 -16.23,22.76 -47.06,22.92 -23.56,0.1 -42.65,-4.42 -42.65,-23.19 z m -10.74,0.54 c 0,31.1 28.77,34.93 53.17,34.77 29.46,-0.1 58.07,-3.99 58.07,-35.04 0,-31.05 -28.61,-34.77 -58.07,-34.88 -24.4,0 -53.17,3.62 -53.17,35.15"
             style="fill:#ebba5a;fill-opacity:1;fill-rule:nonzero;stroke:none"
             id="path202"
             inkscape:connector-curvature="0" /><path
             d="m 1714.83,2204.96 c -10.95,0.8 -19.35,-5.1 -19.35,-16.91 0,-17.23 10.74,-19.03 19.09,-19.03 7.28,0 11.8,3.3 14.4,10.1 2.13,5.75 4.2,11.17 6.28,16.91 7.55,20.11 14.68,23.83 28.82,23.83 20.1,0 31.91,-12.66 31.91,-33.08 0,-10.48 -3.2,-23.03 -17.07,-29.03 -5.27,-2.35 -13.62,-2.13 -19.36,-2.35 l 0,11.81 c 15.68,-0.59 25.64,2.44 25.64,20.1 0,11.96 -6.02,20.31 -18.57,20.31 -16.16,0 -16.16,-6.48 -20.36,-17.33 -2.39,-5.75 -5.26,-15.1 -8.13,-20.79 -5.27,-10.05 -13.62,-12.66 -24.31,-12.66 -17.6,0 -29.08,12.28 -29.08,29.68 0,19.51 10.26,31.32 30.09,30.25 l 0,-11.81"
             style="fill:#ebba5a;fill-opacity:1;fill-rule:nonzero;stroke:none"
             id="path204"
             inkscape:connector-curvature="0" /><path
             d="m 1718.77,2286.64 c -12.55,-0.32 -23.29,-4.41 -23.29,-19.04 0,-20.53 29.03,-20.79 43.17,-20.79 14.36,-0.53 46.54,-0.79 46.54,20.79 0,13.99 -11.55,16.91 -23.03,18.46 -2.35,0.26 -4.89,0.26 -7.35,0.58 l 0,11.8 c 2.13,-0.31 4.53,-0.31 6.61,-0.63 8.61,-0.64 15.2,-1.07 22.49,-6.18 7.87,-5.52 12.07,-12.92 12.07,-23.07 0,-32.86 -31.69,-33.93 -57.06,-33.93 -24.09,0 -54.18,3.57 -54.18,33.71 0,20.16 15.2,30.64 34.03,30.1 l 0,-11.8"
             style="fill:#ebba5a;fill-opacity:1;fill-rule:nonzero;stroke:none"
             id="path206"
             inkscape:connector-curvature="0" /><path
             d="m 1695.48,2345.55 0,-0.26 56.52,-13.99 0,27.97 -56.52,-13.72 z m -8.35,-7.66 0,15.48 106.19,30.05 0,-13.08 -30.63,-8.31 0,-33.6 30.63,-7.87 0,-12.97 -106.19,30.3"
             style="fill:#ebba5a;fill-opacity:1;fill-rule:nonzero;stroke:none"
             id="path208"
             inkscape:connector-curvature="0" /><path
             d="m 1736,2408.83 0,18.56 c -0.22,5.47 -1.07,20.8 -19.57,20.58 -18.3,-0.32 -18.82,-14.63 -18.82,-22.55 l 0,-16.59 38.39,0 z m 57.32,0 0,-11.81 -106.19,0 0,27.4 c 0,22.27 5.79,36.41 30.04,35.78 12.55,-0.48 21.48,-8.09 23.29,-20.53 l 0.27,0 c 1.33,13.83 5.74,17.29 19.83,18.83 7.87,0.53 15.74,1.22 23.61,2.33 2.02,0.43 6.76,1.28 6.76,4.15 l 2.39,0 0,-13.77 c -6.81,-2.5 -19.89,-3.67 -26.96,-3.67 -10.69,0 -19.89,-4.3 -19.89,-18.18 l 0,-20.53 46.85,0"
             style="fill:#ebba5a;fill-opacity:1;fill-rule:nonzero;stroke:none"
             id="path210"
             inkscape:connector-curvature="0" /><path
             d="m 1750.46,2592.07 c 13.08,-1.49 21.64,-12.98 21.64,-25.79 0,-18.66 -14.09,-30.9 -32.43,-30.9 -18.03,0 -31.91,11.6 -31.91,30.37 0,13.34 7.82,24.09 21.21,26.32 l 0,-8.3 c -8.87,-1.48 -14.4,-8.93 -14.4,-17.75 0,-14.47 11.27,-22.29 25.1,-22.29 13.34,0 25.62,8.14 25.62,22.55 0,8.77 -5.74,16.64 -14.83,17.49 l 0,8.3 z M 1740.2,2611 c -26.17,0 -47.07,-20.9 -47.07,-47.11 0,-26.22 20.9,-47.43 47.07,-47.43 26.42,0 47.37,21.21 47.37,47.43 0,26.21 -20.95,47.11 -47.37,47.11 z m 0,-102.89 c -30.37,0 -55.46,24.94 -55.46,55.78 0,30.57 25.09,55.4 55.46,55.4 31.16,0 55.78,-24.83 55.78,-55.4 0,-30.84 -24.62,-55.78 -55.78,-55.78"
             style="fill:#ebba5a;fill-opacity:1;fill-rule:nonzero;stroke:none"
             id="path212"
             inkscape:connector-curvature="0" /><path
             d="m 1695.48,2683.74 0,-0.32 56.52,-14.09 0,28.13 -56.52,-13.72 z m -8.35,-7.71 0,15.57 106.19,29.9 0,-12.98 -30.63,-8.29 0,-33.72 30.63,-7.76 0,-13.08 -106.19,30.36"
             style="fill:#ebba5a;fill-opacity:1;fill-rule:nonzero;stroke:none"
             id="path214"
             inkscape:connector-curvature="0" /><path
             d="m 1779.17,2734.36 14.1484,0 0,12.9297 -14.1484,0 0,-12.9297 z"
             style="fill:#ebba5a;fill-opacity:1;fill-rule:nonzero;stroke:none"
             id="path216"
             inkscape:connector-curvature="0" /><path
             d="m 1687.13,2837.42 0,20.62 106.19,0 0,-11.75 -87.64,0 c -4.41,0 -8.93,0.27 -13.29,0 l 0,-0.26 c 5.96,-1.28 10.1,-2.35 14.09,-3.3 l 86.84,-22.34 0,-14.03 -88.16,-22.23 c -3.68,-0.95 -7.03,-1.8 -12.77,-3.13 l 0,-0.27 c 4.36,0 9.09,0.27 13.62,0.27 l 87.31,0 0,-11.76 -106.19,0 0,20.85 82.9,20.84 c 4.46,1.07 8.88,1.7 15.68,2.24 l 0,0.26 c -5.48,0.8 -10.68,1.49 -15.9,2.82 l -82.68,21.17"
             style="fill:#ebba5a;fill-opacity:1;fill-rule:nonzero;stroke:none"
             id="path218"
             inkscape:connector-curvature="0" /><path
             d="m 1779.17,2880.16 14.1484,0 0,12.9805 -14.1484,0 0,-12.9805 z"
             style="fill:#ebba5a;fill-opacity:1;fill-rule:nonzero;stroke:none"
             id="path220"
             inkscape:connector-curvature="0" /><path
             d="m 1737.59,2928.24 0,11.59 c 0,16.05 -2.34,26.1 -20.63,25.9 -17.28,0 -19.67,-10.91 -19.35,-25.27 l 0,-12.22 39.98,0 z m 55.73,-11.7 -106.19,0 0,27.96 c 0,8.14 0.74,18.51 6.81,24.78 6,6.33 14.14,8.61 22.7,8.61 11.81,0 23.34,-3.61 28.56,-14.99 3.13,-7.45 3.13,-19.46 3.13,-27.55 l 0,-7.11 44.99,0 0,-11.7"
             style="fill:#ebba5a;fill-opacity:1;fill-rule:nonzero;stroke:none"
             id="path222"
             inkscape:connector-curvature="0" /><path
             d="m 1779.17,2964.5 14.1484,0 0,12.8711 -14.1484,0 0,-12.8711 z"
             style="fill:#ebba5a;fill-opacity:1;fill-rule:nonzero;stroke:none"
             id="path224"
             inkscape:connector-curvature="0" /><path
             d="m 1695.48,3039.95 0,-0.26 56.52,-14.15 0,28.18 -56.52,-13.77 z m -8.35,-7.66 0,15.48 106.19,30.09 0,-13.07 -30.63,-8.36 0,-33.59 30.63,-7.83 0,-13.07 -106.19,30.35"
             style="fill:#ebba5a;fill-opacity:1;fill-rule:nonzero;stroke:none"
             id="path226"
             inkscape:connector-curvature="0" /><path
             d="m 1779.17,3090.63 14.1484,0 0,12.8594 -14.1484,0 0,-12.8594 z"
             style="fill:#ebba5a;fill-opacity:1;fill-rule:nonzero;stroke:none"
             id="path228"
             inkscape:connector-curvature="0" /><path
             d="m 1714.83,3171.4 c -10.95,0.9 -19.35,-5.16 -19.35,-16.75 0,-17.23 10.74,-19.04 19.09,-19.04 7.28,0 11.8,3.19 14.4,10 2.13,5.74 4.2,11.27 6.28,16.9 7.55,20.11 14.68,23.83 28.82,23.83 20.1,0 31.91,-12.55 31.91,-32.97 0,-10.53 -3.2,-23.03 -17.07,-29.14 -5.27,-2.23 -13.62,-2.13 -19.36,-2.23 l 0,11.75 c 15.68,-0.53 25.64,2.34 25.64,20.15 0,11.86 -6.02,20.21 -18.57,20.21 -16.16,0 -16.16,-6.54 -20.36,-17.23 -2.39,-5.85 -5.26,-15.21 -8.13,-20.84 -5.27,-10.11 -13.62,-12.66 -24.31,-12.66 -17.6,0 -29.08,12.34 -29.08,29.62 0,19.41 10.26,31.32 30.09,30.25 l 0,-11.85"
             style="fill:#ebba5a;fill-opacity:1;fill-rule:nonzero;stroke:none"
             id="path230"
             inkscape:connector-curvature="0" /><path
             d="m 1779.17,3204.95 14.1484,0 0,12.9219 -14.1484,0 0,-12.9219 z"
             style="fill:#ebba5a;fill-opacity:1;fill-rule:nonzero;stroke:none"
             id="path232"
             inkscape:connector-curvature="0" /><path
             d="m 1736.85,3285.99 c 0,8.61 1.28,22.06 -11.49,22.06 -9.26,0 -10.53,-8.34 -10.53,-16.01 l 0,-17.59 22.02,0 0,11.54 z m 34.51,29.03 0,-9.15 -28.56,-17.55 0,-13.87 28.56,0 0,-7.98 -62.27,0 0,27.44 c 0,5.16 0,10.37 3.4,15.05 2.34,4.52 8.14,7.18 13.35,7.07 12.29,0 16.75,-8.77 16.96,-19.51 l 28.56,18.5 z m -31.16,-74.98 c 26.42,0 47.37,21.06 47.37,47.33 0,26.16 -20.95,47.11 -47.37,47.11 -25.84,0 -47.07,-20.95 -47.07,-47.11 0,-26.27 21.23,-47.33 47.07,-47.33 z m 0,102.79 c 31.16,0 55.78,-24.83 55.78,-55.46 0,-30.84 -24.62,-55.73 -55.78,-55.73 -30.58,0 -55.46,24.89 -55.46,55.73 0,30.63 24.88,55.46 55.46,55.46"
             style="fill:#ebba5a;fill-opacity:1;fill-rule:nonzero;stroke:none"
             id="path234"
             inkscape:connector-curvature="0" /></g></g></g></g></svg>