<?xml version="1.0" encoding="UTF-8" standalone="no"?>
<?xml-stylesheet type="text/css" href="css" ?>
<svg
   xmlns:dc="http://purl.org/dc/elements/1.1/"
   xmlns:cc="http://creativecommons.org/ns#"
   xmlns:rdf="http://www.w3.org/1999/02/22-rdf-syntax-ns#"
   xmlns:svg="http://www.w3.org/2000/svg"
   xmlns="http://www.w3.org/2000/svg"
   xmlns:sodipodi="http://sodipodi.sourceforge.net/DTD/sodipodi-0.dtd"
   xmlns:inkscape="http://www.inkscape.org/namespaces/inkscape"
   version="1.0"
   viewBox="0 0 780 468"
   inkscape:version="0.47 r22583">
  <rect func="background"
        x="0" y="0"
        height="100%"
     width="100%" />
  <path id="text"
        d="m 146.72047,126.52128 c 0.31675,-0.67956 0.8466,-1.99925 1.17745,-2.93262 0.33083,-0.93339 1.47014,-1.97277 2.53179,-2.30976 1.06164,-0.33698 2.41931,-1.68612 3.01702,-2.99809 1.32974,-2.91869 2.20842,-2.9932 4.06345,-0.34454 2.00023,2.85596 0.97828,5.63967 -2.33783,6.36807 -1.53796,0.33782 -3.32624,1.25283 -3.97397,2.03336 -1.46886,1.77002 -5.29039,1.92669 -4.47791,0.18358 z m 364.18135,0.40122 c -0.0626,-0.35659 -0.0445,-1.36852 0.0402,-2.24875 0.11589,-1.20425 -0.46757,-1.48157 -2.3571,-1.12033 -2.01546,0.38532 -2.51112,0.088 -2.51112,-1.5063 0,-1.09252 0.6039,-2.21815 1.34201,-2.50141 0.73811,-0.28327 1.62168,-1.91348 1.96349,-3.6227 0.70942,-3.54744 3.15366,-6.51291 4.10254,-4.97743 0.33855,0.54782 0.14452,0.99603 -0.43116,0.99603 -1.79917,0 -1.1572,1.78225 1.89371,5.25735 2.5858,2.94533 2.80201,3.6425 1.79281,5.78118 -1.08299,2.29503 -5.59005,5.33999 -5.83539,3.94236 z m 69.88783,-0.75887 c -0.49305,-1.28496 -1.46956,-1.46448 -5.04756,-0.92788 -4.81199,0.72166 -5.34064,0.21659 -2.7592,-2.63612 0.92238,-1.01931 1.76795,-3.72315 1.87905,-6.00854 0.11109,-2.28539 0.24595,-4.65938 0.29967,-5.27553 0.13541,-1.55295 3.43273,-2.26977 5.39331,-1.17248 1.15429,0.64603 1.62292,2.28167 1.62292,5.66439 0,4.54014 0.11218,4.73462 2.47091,4.28368 2.17881,-0.41654 2.47091,-0.13158 2.47091,2.41051 0,1.58559 -0.53372,3.41666 -1.18604,4.06904 -1.68491,1.68506 -4.4244,1.46827 -5.14397,-0.40707 z m -348.24559,-3.09737 c -5.46916,-2.72214 -3.54181,-6.12682 3.49212,-6.1689 1.9426,-0.0116 7.08012,-2.377 14.26921,-6.56976 5.25457,-3.06452 13.61922,-14.127219 13.61922,-18.012159 0,-0.50121 -1.48554,-1.19001 -3.3012,-1.53066 -9.51156,-1.78454 -11.30545,-15.71422 -2.62223,-20.36175 2.2102,-1.18296 9.25785,2.36583 12.26315,6.17501 l 2.53957,3.2189 2.47519,-2.96536 2.47518,-2.96535 1.73336,2.10681 c 0.95335,1.15875 2.2717,2.93798 2.92966,3.95381 1.13686,1.75521 1.31935,1.71114 3.67252,-0.88702 1.36191,-1.50369 2.96082,-4.53383 3.55311,-6.73363 1.50256,-5.58057 4.52166,-5.07902 7.88608,1.31009 2.30971,4.38618 2.37204,4.86983 0.95534,7.41338 -0.8786,1.57743 -2.5402,2.86135 -3.95346,3.05483 -1.34083,0.18358 -3.32741,1.1181 -4.41461,2.07673 -2.88856,2.54696 -5.12189,3.0965 -8.05372,1.98173 -1.99567,-0.75883 -2.98881,-0.63742 -4.26978,0.52195 -0.91808,0.83092 -2.16936,1.51077 -2.78063,1.51077 -0.61126,0 -2.03315,2.08399 -3.15976,4.63109 -4.48061,10.130059 -10.57463,17.287219 -22.77843,26.752249 -3.36119,2.60687 -5.00688,3.20054 -8.72986,3.14925 -2.52332,-0.0348 -6.03333,-0.78267 -7.80003,-1.66201 z m 117.2977,-0.51137 c -1.07314,-1.21629 -3.38651,-3.85439 -5.14085,-5.86244 -1.75434,-2.00805 -6.30008,-5.27069 -10.10165,-7.25031 l -6.91195,-3.59931 -1.48915,2.13117 c -4.06743,5.82104 -7.59601,9.16611 -11.587,10.98438 -5.40235,2.46126 -9.19772,1.82998 -12.48455,-2.07653 -3.12037,-3.70867 -3.97922,-8.7753 -2.60759,-15.38297 0.88011,-4.239899 1.5132,-5.372489 3.00305,-5.372489 1.26113,0 2.07871,0.90236 2.46285,2.71824 0.31626,1.495029 0.7896,3.765379 1.05186,5.045209 1.9792,9.65858 9.19149,9.26993 15.70857,-0.8465 3.42179,-5.311639 3.45785,-5.482069 3.45785,-16.344939 0,-10.63818 -1.53556,-18.5477 -4.27707,-22.03069 -1.16727,-1.48298 0.21704,-2.73282 4.19673,-3.7891 3.2773,-0.86986 5.56325,2.16523 6.40384,8.50247 0.36472,2.74966 1.09258,4.99937 1.61745,4.99937 0.52488,0 0.95432,-0.33622 0.95432,-0.74716 0,-0.41094 1.37011,-1.35368 3.04469,-2.09498 2.18108,-0.96553 2.74177,-1.65079 1.97673,-2.4159 -2.60476,-2.60498 -0.006,-6.09986 3.62677,-4.87745 1.57031,0.52839 1.59917,3.44565 0.0494,4.99554 -0.7806,0.78067 -0.82001,1.18614 -0.11527,1.18614 0.58891,0 1.30542,0.89744 1.59223,1.99429 0.56259,2.15153 -1.56137,4.92488 -3.77168,4.92488 -0.74956,0 -1.82963,0.7784 -2.40017,1.72979 -0.96398,1.60748 -1.17039,1.5731 -2.91907,-0.48623 -1.8768,-2.21021 -1.88288,-2.19071 -2.31539,7.41338 -0.37387,8.30187 -0.17834,9.97009 1.41826,12.10054 1.01856,1.35912 2.73005,3.846469 3.8033,5.527439 1.07326,1.68097 3.11848,3.58813 4.54494,4.23813 3.33761,1.52085 5.49913,-0.26009 7.19789,-5.93056 0.6658,-2.222429 1.47124,-4.720219 1.78987,-5.550639 0.49119,-1.28014 -0.34102,-1.44327 -5.46998,-1.07224 -6.87346,0.49722 -7.79925,-0.47494 -5.34616,-5.61397 1.69057,-3.54162 9.03944,-11.36719 10.67476,-11.36719 0.63566,0 1.71635,-0.67555 2.40154,-1.50122 1.01977,-1.22886 0.92218,-1.85883 -0.53789,-3.47233 -2.51518,-2.77949 -2.31012,-7.58488 0.40482,-9.48667 1.20367,-0.84316 2.11612,-2.27137 2.02764,-3.17381 -0.31588,-3.22188 0.0921,-4.11191 1.88484,-4.11191 0.99995,0 2.29588,1.04874 2.87985,2.33052 0.61022,1.33942 2.25389,2.58418 3.86502,2.927 5.16702,1.09943 9.22761,4.33142 9.22761,7.34465 0,2.26082 -0.70055,3.05024 -3.96024,4.46256 -2.17812,0.94371 -4.76771,1.71585 -5.75462,1.71585 -2.00516,0 -7.08733,7.07575 -7.08733,9.86747 0,2.61613 2.22355,3.08951 13.65428,2.90691 10.71479,-0.17118 12.29228,0.39202 11.33649,4.04733 -0.56704,2.16852 -3.10701,2.91615 -9.9673,2.93383 -6.07731,0.0157 -9.79621,1.67374 -13.42349,5.984879 -4.33992,5.15818 -4.36931,7.46604 -0.15011,11.78728 4.25343,4.35629 4.26159,6.58207 0.0327,8.91156 -5.44122,2.99728 -6.41058,3.08273 -8.47163,0.74673 z m 255.06845,-0.45343 c 0,-1.7163 0.79744,-2.19975 9.38946,-5.69232 2.1744,-0.88388 5.17656,-2.77868 6.67146,-4.21067 2.31186,-2.21457 2.718,-3.40576 2.718,-7.9718 0,-5.383759 -1.31741,-7.876209 -7.49458,-14.179259 -7.24195,-7.38953 -14.91042,-16.35131 -16.22622,-18.96284 -0.77638,-1.54091 -2.65065,-3.68402 -4.16504,-4.76245 -3.43653,-2.44725 -3.49032,-4.74842 -0.18305,-7.83171 l 2.5704,-2.39631 1.63015,2.29424 c 0.89659,1.26184 2.76568,3.70826 4.15355,5.43649 1.38788,1.72822 4.22206,6.47826 6.29818,10.55562 2.50753,4.92462 6.13149,9.8192 10.79478,14.57966 3.86099,3.94145 7.3647,7.16628 7.786,7.16628 0.42131,0 0.76602,-4.73123 0.76602,-10.51383 0,-9.09696 0.88463,-19.93684 2.59048,-31.74248 0.65577,-4.53839 1.89101,-3.9878 3.32639,1.48268 0.67756,2.58233 2.0724,5.90405 3.09963,7.3816 1.73183,2.49104 1.76044,2.99431 0.39342,6.91916 -0.96811,2.77953 -1.48292,8.13529 -1.4995,15.5999 -0.0356,16.033699 -0.59028,18.610279 -4.50314,20.919129 -1.85049,1.09192 -3.49389,3.03174 -3.87495,4.5739 -1.49687,6.05784 -9.43789,11.25501 -19.05252,12.46932 -4.57145,0.57737 -5.18892,0.44477 -5.18892,-1.11431 z M 166.964,119.56522 c -1.84708,-1.24351 -3.91125,-3.41054 -4.58703,-4.81562 -0.67579,-1.40509 -1.89362,-3.10659 -2.70631,-3.78112 -1.20185,-0.99754 -1.59477,-0.92109 -2.10538,0.40969 -0.9946,2.59209 -7.39765,5.4144 -10.0349,4.42314 -3.26485,-1.22716 -4.18476,-4.74053 -4.19785,-16.032579 -0.008,-6.5091 -0.675,-12.76905 -1.88845,-17.7115 -1.03224,-4.20433 -1.65301,-8.50003 -1.3795,-9.54602 0.7007,-2.67973 3.87493,-3.21379 6.49541,-1.09284 2.42783,1.96502 2.58066,4.09586 1.70125,23.71957 -0.44651,9.963879 0.26621,13.838319 2.54564,13.838319 2.10931,0 6.3434,-9.202599 7.83418,-17.027239 0.72673,-3.81436 2.02987,-7.64382 2.89588,-8.50989 1.44048,-1.44061 1.71573,-1.43349 3.23277,0.0837 1.37379,1.37392 1.67047,3.864 1.72964,14.517 0.0651,11.731699 0.25508,13.042329 2.16718,14.954489 1.94795,1.94803 2.29652,1.99145 4.94182,0.6155 5.44669,-2.83308 6.98448,-5.53757 7.69308,-13.52962 1.44895,-16.342429 2.20965,-20.825019 3.80469,-22.420199 1.29088,-1.291 1.92304,-1.38124 3.0608,-0.43689 1.08275,0.89867 1.51849,4.34704 1.77924,14.08074 0.30871,11.523519 0.55497,13.043949 2.32206,14.336599 1.0872,0.7953 3.31102,1.31521 4.94182,1.15534 2.8988,-0.28416 2.97156,-0.42431 3.25416,-6.26868 0.24305,-5.026409 -0.10244,-6.554999 -2.17043,-9.602619 -4.32577,-6.37494 -4.80263,-7.62677 -3.50221,-9.19382 2.14541,-2.5853 6.18645,-1.71176 8.32334,1.79922 4.8949,8.04246 7.09032,22.021179 4.52028,28.781509 -1.81635,4.77776 -9.08679,6.17278 -18.47315,3.54452 -3.43896,-0.96294 -4.5977,-0.94934 -5.82382,0.0683 -2.12831,1.76651 -10.42935,5.90189 -11.84698,5.90189 -0.64289,0 -2.68013,-1.01741 -4.52723,-2.26091 z m 316.95494,0.63895 c -0.93336,-2.43251 2.08128,-6.27381 5.45294,-6.9482 1.6366,-0.32735 3.72905,-1.67438 4.64988,-2.9934 0.92083,-1.31902 2.67371,-3.65639 3.8953,-5.19415 2.06488,-2.59933 2.11744,-2.99467 0.74736,-5.621869 -0.81054,-1.55426 -1.47645,-3.22776 -1.4798,-3.71888 -0.003,-0.49112 -2.11872,-3.22612 -4.70082,-6.07778 -2.5821,-2.85166 -6.02902,-7.03249 -7.65982,-9.29075 -5.79561,-8.02547 -8.35373,-10.59934 -12.30585,-12.38167 -2.20118,-0.99268 -4.00214,-2.38359 -4.00214,-3.09092 0,-2.38496 2.28348,-6.32132 3.667,-6.32132 4.1837,0 12.4733,7.49647 15.92427,14.40069 1.10567,2.21207 3.85028,5.5481 6.09912,7.41339 2.24885,1.86528 5.60105,4.90697 7.44933,6.75927 l 3.36052,3.36785 1.02298,-2.69085 c 1.85701,-4.88476 1.3589,-10.83587 -2.04663,-24.45175 -1.11105,-4.44214 -0.50063,-6.18245 2.67628,-7.63007 3.3213,-1.51342 3.18219,-1.60479 3.93453,2.58435 1.00353,5.58769 2.6109,7.57361 2.06045,2.54568 -0.36539,-3.33754 -0.0343,-4.51856 1.73172,-6.17782 2.47506,-2.3254 4.81943,-2.63196 6.23935,-0.81589 1.79955,2.30162 3.08056,11.74644 2.00982,14.81824 -0.6911,1.9827 -0.65726,4.58289 0.10935,8.40049 0.61065,3.04093 1.11028,7.61881 1.11028,10.17306 0,3.1474 0.63706,5.45407 1.97673,7.15733 1.14791,1.45945 1.97673,4.00993 1.97673,6.082849 0,3.31402 -0.17693,3.5252 -2.47091,2.9494 -2.28288,-0.57302 -2.47091,-0.35712 -2.47091,2.83702 0,4.35443 -3.37674,8.92519 -4.90661,6.6416 -0.56431,-0.84233 -0.99985,-8.56202 -1.00844,-17.874389 -0.0146,-15.78036 -1.24919,-27.00164 -3.1992,-29.07707 -0.58177,-0.61918 -0.82526,3.44275 -0.65177,10.87297 0.30177,12.92399 -0.1837,15.54351 -3.57212,19.27481 -1.55331,1.71047 -2.39257,4.124649 -2.7265,7.842949 -0.4239,4.72003 -0.9679,5.82468 -4.48347,9.10426 -2.20057,2.05285 -5.26012,4.00581 -6.79902,4.33989 -1.53889,0.3341 -4.41521,1.46361 -6.39182,2.51005 -4.35754,2.30689 -4.43896,2.31127 -5.21811,0.28063 z m 46.52959,-4.48486 c -1.72801,-3.98901 -1.72754,-4.25843 0.0139,-7.89628 1.06659,-2.22803 2.50945,-3.77098 3.53263,-3.77769 1.94306,-0.0127 2.23723,1.06254 0.70888,2.59104 -1.253,1.25311 -0.21149,4.31678 1.4675,4.31678 2.32712,0 4.49459,-3.63412 6.13679,-10.28937 1.13238,-4.589139 2.32812,-7.127119 3.81774,-8.103239 2.80826,-1.84021 5.27075,-0.84614 6.04259,2.4393 0.76082,3.23863 5.1161,8.045699 7.28951,8.045699 0.89073,0 2.69777,-1.14717 4.01563,-2.54926 2.29319,-2.439749 2.39348,-3.108409 2.33497,-15.568109 -0.0336,-7.16037 -0.42745,-16.64048 -0.87519,-21.06691 -0.99032,-9.79067 -0.40306,-12.50121 3.04941,-14.0744 2.17353,-0.9904 2.91201,-0.95227 4.07459,0.21041 1.6001,1.60024 1.63602,2.44257 0.65428,15.34431 -0.46862,6.15859 -0.2659,12.06189 0.60694,17.67319 1.04172,6.69714 1.06996,9.82917 0.13761,15.26672 -1.9787,11.539859 -5.69612,16.625469 -12.15271,16.625469 -2.83618,0 -9.99182,-3.45072 -12.18771,-5.87736 -2.07022,-2.28778 -3.46429,-1.30142 -3.49242,2.47099 -0.025,3.35795 -5.97881,8.34863 -9.95976,8.34863 -3.07716,0 -3.60839,-0.42069 -5.21521,-4.12992 z m -119.25766,2.49866 c -0.8154,-0.32576 -2.70565,-1.73202 -4.20055,-3.12502 l -2.718,-2.53274 -2.77208,2.65606 c -3.13604,3.00478 -3.74187,3.12749 -7.25485,1.46948 -1.9128,-0.90278 -3.11911,-2.97137 -5.04368,-8.64896 -4.12034,-12.155199 -4.05979,-11.607869 -1.35941,-12.285679 1.32511,-0.33261 3.07427,-0.85994 3.88703,-1.17186 1.11544,-0.42807 1.73011,0.6098 2.50713,4.23325 1.41134,6.581389 2.86685,10.163759 4.12954,10.163759 2.39268,0 4.87424,-8.29115 4.89625,-16.358879 0.0223,-8.16249 0.88365,-10.32932 4.10623,-10.32932 2.10373,0 2.36505,0.90981 3.90102,13.58156 1.46084,12.051809 2.85009,14.198509 7.5992,11.742439 4.25533,-2.20072 5.48636,-6.08007 4.81046,-15.159169 -0.31503,-4.23154 -0.84745,-9.51246 -1.18316,-11.73538 -0.46023,-3.0475 -0.20654,-4.44556 1.03139,-5.68359 2.04098,-2.04116 2.92096,-2.05711 4.88925,-0.0886 1.18345,1.18354 1.55315,3.68557 1.55315,10.51118 0,11.38225 1.39663,16.249869 5.23152,18.233129 4.19561,2.16984 4.9155,0.78023 4.51025,-8.706309 -0.31489,-7.37127 -0.69348,-8.75111 -3.5645,-12.99188 -1.7667,-2.60959 -3.21218,-4.91329 -3.21218,-5.11935 0,-0.54533 9.08553,-6.59265 9.38208,-6.24471 1.13889,1.33628 3.46675,6.97553 3.46715,8.39917 2.7e-4,0.97838 0.92818,4.21987 2.062,7.20329 1.69371,4.45665 2.00221,7.13217 1.72914,14.996469 -0.29598,8.52438 -0.59477,9.85117 -2.72988,12.12211 -3.58127,3.80911 -8.11432,4.72658 -13.98477,2.83046 -4.59436,-1.48394 -4.98731,-1.46987 -6.88378,0.24657 -2.04795,1.85353 -11.7033,3.02409 -14.78595,1.79256 z m 43.13528,-2.07544 c -0.79952,-2.84597 -2.43607,-14.86008 -3.60178,-26.441079 -0.60195,-5.98013 -1.482,-13.09698 -1.95567,-15.81522 -0.47367,-2.71825 -1.12219,-8.5528 -1.44115,-12.96568 l -0.57993,-8.02342 3.52844,-0.57264 c 1.94066,-0.31495 4.13563,-0.33962 4.87774,-0.0548 0.7421,0.2848 2.25169,3.47449 3.35462,7.08821 1.8224,5.97099 1.86453,6.726 0.46193,8.276 -1.18888,1.3138 -1.36638,2.68192 -0.77275,5.95588 1.12552,6.2073 0.73869,35.529059 -0.53093,40.244469 -1.14504,4.25279 -2.52615,5.20713 -3.34052,2.3083 z m -235.86628,-1.6393 c -5.30024,-1.90266 -8.07398,-7.37595 -7.65661,-15.108429 0.20059,-3.71621 0.93811,-6.8236 1.87683,-7.90761 4.17622,-4.82257 5.09964,-17.97056 1.91276,-27.23422 -1.68229,-4.89009 -1.7305,-5.72286 -0.43814,-7.56814 2.13049,-3.04197 2.96032,-2.59662 4.88509,2.62173 0.95249,2.58233 2.41528,5.49873 3.25065,6.48089 2.33028,2.73973 2.58241,13.00131 0.54118,22.02582 -0.97269,4.30039 -1.7983,10.25677 -1.83469,13.236399 -0.0549,4.49155 0.24282,5.47794 1.74164,5.77112 12.2012,2.38669 22.16486,-20.265749 15.07149,-34.265079 -3.09236,-6.10302 -4.98677,-7.75024 -6.99565,-6.08287 -0.8154,0.67678 -1.48255,1.84325 -1.48255,2.59215 0,2.20687 -1.38872,1.54832 -2.70259,-1.28159 -0.8993,-1.93699 -0.93128,-2.97579 -0.12163,-3.95145 0.65534,-0.7897 0.84833,-2.88776 0.47844,-5.20114 -0.44917,-2.80924 -0.20365,-4.29388 0.89119,-5.38881 1.92067,-1.92085 5.5203,-0.76917 6.87787,2.20054 1.15322,2.52268 1.81602,2.64706 3.472,0.65156 2.3651,-2.85004 4.38935,-1.54839 7.65982,4.92545 3.67953,7.28358 3.83111,8.24232 1.56507,9.89943 -1.45162,1.06155 -1.51028,1.88594 -0.49418,6.94588 1.86324,9.27854 1.46369,14.15227 -1.69966,20.73266 -4.77812,9.939479 -14.14805,17.495999 -21.35581,17.222699 -1.09079,-0.0414 -3.53992,-0.634 -5.44252,-1.31699 z m 53.14064,-2.49914 c -1.59849,-3.68999 -1.59286,-4.17278 0.10889,-9.33159 1.95598,-5.929489 4.58011,-10.499919 6.02854,-10.499919 0.52195,0 0.66613,2.13535 0.33372,4.94226 -0.4834,4.081949 -0.31497,4.942259 0.96755,4.942259 0.85406,0 6.1689,-3.946499 11.81076,-8.770009 5.64185,-4.82351 11.18604,-9.06461 12.32041,-9.42468 1.4739,-0.46783 1.91327,-1.22532 1.53962,-2.65429 -0.33927,-1.29753 0.35489,-2.93399 1.97706,-4.66076 2.9804,-3.17262 6.65577,-9.88904 6.65577,-12.16287 0,-0.89287 -0.66715,-2.17713 -1.48255,-2.85391 -1.82879,-1.5179 -1.91905,-2.96535 -0.18491,-2.96535 0.7137,0 2.57596,-1.33441 4.13837,-2.96536 3.45339,-3.60488 4.05746,-3.66619 4.85391,-0.49257 0.60856,2.42487 -2.20725,9.54089 -4.28302,10.8239 -2.25413,1.39326 -3.939,6.58347 -2.96706,9.14007 1.12239,2.95239 -0.80933,5.83453 -4.3785,6.53274 -1.68383,0.32939 -1.55779,0.44256 0.61192,0.54945 3.14954,0.15514 6.64719,4.9397 6.65323,9.1012 l 0.004,2.54165 -8.8249,-0.38415 c -8.4108,-0.36612 -8.88118,-0.27667 -10.02394,1.90638 -0.97015,1.85329 -6.26903,8.404309 -9.62429,11.898499 -3.66419,3.81593 -11.75207,8.67838 -14.43505,8.67838 -0.0625,0 -0.8721,-1.7511 -1.79923,-3.89133 z M 582.8008,109.7176 c -0.32778,-1.22321 -0.62129,-6.44965 -0.65224,-11.614309 -0.0535,-8.92536 -1.80697,-25.34585 -3.85268,-36.07848 -0.51812,-2.71825 -0.96853,-5.42687 -1.00094,-6.01916 -0.0755,-1.37975 4.26956,-3.37113 7.35553,-3.37113 3.28516,0 4.04357,4.68499 2.53986,15.68957 -0.85197,6.23494 -0.88892,10.3332 -0.13503,14.98022 1.12684,6.94608 1.42127,24.549779 0.4528,27.073779 -0.89643,2.33627 -4.02179,1.89774 -4.7073,-0.66049 z m -107.80442,-3.92664 c -2.38326,-3.4029 -1.72829,-14.170289 0.81107,-13.333629 0.6103,0.20107 1.59387,1.32821 2.18573,2.50474 0.59186,1.17653 1.81496,2.95565 2.718,3.95358 1.94525,2.149659 2.02436,3.197389 0.49487,6.554519 -1.41349,3.10258 -4.16195,3.24456 -6.20967,0.32079 z m 126.86382,-1.36507 c -2.46597,-2.97156 -0.82147,-12.253309 2.17099,-12.253309 0.47061,0 1.14015,1.77921 1.48785,3.95381 0.53147,3.32393 1.00569,3.953799 2.97677,3.953799 2.58261,0 3.23425,2.66869 1.15855,4.74457 -1.69677,1.69693 -6.24825,1.46401 -7.79416,-0.39887 z M 388.65617,90.986441 c -0.65232,-0.65238 -1.18604,-2.78913 -1.18604,-4.74835 0,-2.77344 0.76599,-4.30471 3.45928,-6.91538 3.73235,-3.61785 4.31876,-5.96372 1.97673,-7.90761 -3.4157,-2.83503 0.11276,-10.87297 4.77295,-10.87297 2.7614,0 5.74202,5.8516 5.07444,9.96224 -0.41205,2.53727 -0.13885,3.89886 0.96635,4.81618 2.29929,1.9084 1.87042,3.01187 -1.1772,3.02884 -1.49489,0.008 -3.24721,0.35165 -3.89403,0.76295 -1.81269,1.15264 -6.13977,7.88181 -6.82562,10.61473 -0.68347,2.72338 -1.41292,3.01347 -3.16686,1.25937 z m 144.30114,-3.95381 c -0.65232,-0.65238 -1.18604,-1.51047 -1.18604,-1.90687 0,-0.63069 8.4579,-6.7915 9.32374,-6.7915 0.18114,0 0.56503,0.90133 0.85309,2.00295 0.33201,1.26974 -0.38155,3.07891 -1.94931,4.94226 -2.61216,3.10464 -5.07659,3.71822 -7.04148,1.75316 z m 20.55797,-7.59693 c 0,-1.5688 -0.65506,-4.11513 -1.4557,-5.65849 -1.22855,-2.36824 -1.24829,-3.11854 -0.12654,-4.80814 0.73104,-1.1011 1.88782,-2.00201 2.57061,-2.00201 0.68279,0 1.83956,0.90091 2.5706,2.00201 1.12239,1.69056 1.10108,2.44171 -0.13702,4.82834 -1.10557,2.13118 -1.19075,3.15825 -0.34632,4.17583 0.83928,1.01135 0.81159,1.72096 -0.11053,2.83215 -1.88658,2.27339 -2.9651,1.77519 -2.9651,-1.36969 z m -20.13726,-8.54251 c -0.80816,-6.8767 -0.0385,-10.01367 2.62813,-10.71107 3.21149,-0.83989 7.17553,1.52376 6.89587,4.11183 -0.14864,1.37563 0.30682,2.17889 1.23546,2.17889 2.30278,0 1.78471,1.08807 -2.68835,5.64618 -5.73556,5.84463 -7.26754,5.61195 -8.07111,-1.22583 z m -355.93526,1.51036 c -1.27236,-4.00921 1.50002,-7.60902 4.8654,-6.31749 3.39619,1.30336 2.81365,5.42845 -1.01283,7.17205 -3.17825,1.44824 -3.11748,1.46173 -3.85257,-0.85456 z m 100.03236,-2.59301 c -0.73789,-0.73796 1.97742,-5.73789 4.21673,-7.76462 1.29638,-1.17331 1.78177,-2.52366 1.42218,-3.9565 -0.84261,-3.35753 2.67065,-8.85154 5.90424,-9.23302 4.3919,-0.51812 5.37385,1.11942 5.25605,8.76518 -0.0583,3.7809 -0.2614,6.87435 -0.45143,6.87435 -0.19003,0 -1.64768,-0.67343 -3.23921,-1.49652 -2.77738,-1.43637 -2.91711,-1.40327 -3.47593,0.82342 -0.55499,2.2115 -8.48166,7.13877 -9.63263,5.98771 z m 141.63495,-1.84195 c -1.27945,-1.36202 -2.1392,-2.62233 -1.91055,-2.80069 1.52855,-1.19232 7.97253,-3.63732 9.58643,-3.63732 1.07439,0 2.50712,-0.6672 3.18384,-1.48268 0.67672,-0.81547 1.62071,-1.48267 2.09774,-1.48267 2.60795,0 -1.28935,8.64412 -4.42595,9.81668 -5.61611,2.09947 -6.19754,2.0713 -8.53151,-0.41332 z m 74.3621,-1.16193 c -1.88286,-0.75981 -1.48526,-2.10146 1.13079,-3.81572 2.95424,-1.93585 7.51739,-1.02724 7.51739,1.49687 0,2.34982 -5.14974,3.73062 -8.64818,2.31885 z M 164.3234,63.330991 c 0.43509,-1.30539 0.77824,-1.50973 11.14263,-6.63506 1.0872,-0.53763 5.53484,-2.09243 9.88364,-3.45511 6.64528,-2.08225 8.1227,-2.26456 9.25931,-1.14257 2.32205,2.29219 0.69756,3.51531 -10.24767,7.71566 -3.91778,1.50348 -16.98609,4.68202 -19.2498,4.68202 -0.64701,0 -1.00166,-0.52422 -0.78811,-1.16494 z m 319.86074,-2.52149 c -1.80337,-0.41341 -2.94208,-3.41181 -1.92238,-5.06188 1.12698,-1.82365 7.75878,-4.10156 11.94112,-4.10156 3.31435,0 4.20086,-0.42684 5.13221,-2.47113 1.3757,-3.01959 2.37871,-3.14423 3.10014,-0.38525 0.65075,2.48872 -3.19609,6.81019 -6.06221,6.81019 -1.03606,0 -3.39128,1.02 -5.23384,2.26667 -4.70682,3.18462 -5.12643,3.36218 -6.95504,2.94296 z m 128.38332,-2.10389 c -0.71051,-2.71724 0.87163,-4.85553 5.24284,-7.08575 3.65132,-1.86293 8.84392,-1.88579 8.84392,-0.0389 0,1.38864 -4.49162,4.87178 -7.12509,5.52534 -1.47261,0.36547 -3.19493,1.28805 -3.82739,2.05018 -1.56343,1.88399 -2.5613,1.74046 -3.13428,-0.45082 z m -194.21095,0.19343 c -2.76993,-1.11779 -1.04589,-3.86992 3.92433,-6.26452 2.82098,-1.35913 6.59946,-3.74473 8.39664,-5.30135 2.68096,-2.32212 3.53178,-2.61093 4.73922,-1.60876 3.60024,2.9882 0.50706,7.13708 -8.412,11.28306 -5.53117,2.57113 -6.46051,2.7744 -8.64819,1.89157 z m 127.00477,-0.0267 c -2.48279,-0.64888 -2.13073,-1.969 0.71565,-2.68346 1.34491,-0.33758 4.07556,-1.72021 6.06812,-3.07251 4.3619,-2.96034 7.30042,-3.20299 7.30042,-0.60285 0,1.02072 -0.55596,2.27854 -1.23546,2.79514 -1.31848,1.0024 -9.8855,4.32245 -10.65795,4.13039 -0.25363,-0.0631 -1.23948,-0.31809 -2.19078,-0.56671 z m -198.37815,-1.74647 c -1.51832,-1.82963 -0.78445,-2.98463 3.14066,-4.94291 2.71451,-1.3543 3.32698,-1.37552 4.54493,-0.15745 1.75599,1.75614 1.01036,3.01802 -2.95119,4.99448 -3.73269,1.86227 -3.28516,1.85226 -4.7344,0.10588 z m 15.28372,-1.70181 c -1.0872,-0.60729 -2.12677,-1.2257 -2.31016,-1.37422 -0.18339,-0.14853 0.18171,-2.75176 0.81135,-5.78493 0.87945,-4.23671 1.55863,-5.51488 2.93041,-5.51488 2.90762,0 4.18803,2.4254 3.48276,6.59712 -1.3187,7.80011 -1.47762,7.99663 -4.91436,6.07691 z" />
  <path
     sodipodi:type="arc"
     style="fill:#f5dc00;fill-opacity:1;stroke:none"
     id="path2823"
     sodipodi:cx="-291.57144"
     sodipodi:cy="142.07143"
     sodipodi:rx="76.14286"
     sodipodi:ry="78.928574"
     d="m -215.42858,142.07143 a 76.14286,78.928574 0 1 1 -152.28572,0 76.14286,78.928574 0 1 1 152.28572,0 z"
     transform="matrix(0.83395869,0,0,0.80452486,633.15854,119.70001)" />
  <circle id="target" cx="50%" cy="50%" r="50" fill="red"/>
</svg>
