<?xml version="1.0" encoding="UTF-8" standalone="no"?>
<svg
   xmlns:dc="http://purl.org/dc/elements/1.1/"
   xmlns:cc="http://creativecommons.org/ns#"
   xmlns:rdf="http://www.w3.org/1999/02/22-rdf-syntax-ns#"
   xmlns:svg="http://www.w3.org/2000/svg"
   xmlns="http://www.w3.org/2000/svg"
   xmlns:sodipodi="http://sodipodi.sourceforge.net/DTD/sodipodi-0.dtd"
   xmlns:inkscape="http://www.inkscape.org/namespaces/inkscape"
   id="svg3915"
   version="1.1"
   inkscape:version="0.48.3.1 r9886"
   sodipodi:docname="green-liquid-soap.svg"
   viewBox="0 0 171.89636 352.18045"
   width="100%"
   height="100%">
  <metadata
     id="metadata3962">
    <rdf:RDF>
      <cc:Work
         rdf:about="">
        <dc:format>image/svg+xml</dc:format>
        <dc:type
           rdf:resource="http://purl.org/dc/dcmitype/StillImage" />
        <dc:title></dc:title>
      </cc:Work>
    </rdf:RDF>
  </metadata>
  <defs
     id="defs3960" />
  <sodipodi:namedview
     pagecolor="#ffffff"
     bordercolor="#666666"
     borderopacity="1"
     objecttolerance="10"
     gridtolerance="10"
     guidetolerance="10"
     inkscape:pageopacity="0"
     inkscape:pageshadow="2"
     inkscape:window-width="1535"
     inkscape:window-height="876"
     id="namedview3958"
     showgrid="false"
     fit-margin-top="0"
     fit-margin-left="0"
     fit-margin-right="0"
     fit-margin-bottom="0"
     inkscape:zoom="1.3348877"
     inkscape:cx="175.51725"
     inkscape:cy="171.60951"
     inkscape:window-x="65"
     inkscape:window-y="24"
     inkscape:window-maximized="1"
     inkscape:current-layer="svg3915" />
  <g
     id="g3919"
     transform="translate(-144.48275,-59.429068)">
    <title
       id="title3921">Layer 1</title>
    <g
       id="_x23_007f0eff">
      <path
         d="m 221.091,59.790001 c 3.17301,-0.660999 6.43,-0.216999 9.64099,-0.191002 2.77001,0.042 5.58901,-0.490997 8.31601,0.199001 2.61701,0.544998 4.678,2.237 6.816,3.645 0.92,0.608002 1.867,1.437996 1.779,2.596001 -1.51001,0.208 -3.04299,0.103996 -4.563,0.112 -8.994,0 -17.985,0 -26.98,0 -1.52301,-0.006 -3.059,0.091 -4.57299,-0.112 -0.013,-1.387001 1.46899,-1.974998 2.586,-2.496002 2.44,-1.069 4.319,-3.111 6.97799,-3.752998 z"
         id="path3924"
         inkscape:connector-curvature="0"
         style="fill:#ff7f00" />
      <path
         d="m 210.912,69.169998 c 9.959,-0.133995 19.93001,-0.018 29.896,-0.055 2.688,0.046 5.38899,-0.100998 8.06999,0.067 -0.096,1.722 -1.767,2.722 -3.00299,3.764 -1.32401,0.974998 -2.38901,2.205002 -3.567,3.323997 -0.36501,0.408005 -0.97899,0.321007 -1.47899,0.360001 -6.72301,-0.037 -13.44901,-0.016 -20.17201,-0.019 -1.22301,-0.024 -2.474,0.138 -3.67699,-0.124001 -2.11801,-2.360001 -4.55902,-4.532997 -6.06801,-7.317001 z"
         id="path3926"
         inkscape:connector-curvature="0"
         style="fill:#ff7f00" />
      <path
         d="m 198.252,88.360001 c 0.933,-0.119003 1.88299,-0.119003 2.815,0.003 0.172,3.627014 0.009,7.265999 0.065,10.896004 -0.052,2.206995 0.114,4.416985 -0.068,6.615995 -0.93699,0.122 -1.89299,0.119 -2.82899,0.013 -0.267,-1.752 -0.042,-3.525 -0.16899,-5.288 -0.15001,-2.27301 -0.079,-4.552002 0.029,-6.825996 0.099,-1.802002 -0.15201,-3.622002 0.157,-5.414001 z"
         id="path3928"
         inkscape:connector-curvature="0"
         style="fill:#ff7f00" />
      <path
         d="m 203.87601,88.388 c 1.20498,-0.157997 2.44,-0.157997 3.64599,0.006 0.028,5.817001 0.022,11.645 0.002,17.461 -1.209,0.147 -2.44099,0.147 -3.64601,0 -0.038,-5.82 -0.038,-11.645998 -0.002,-17.466997 z"
         id="path3930"
         inkscape:connector-curvature="0"
         style="fill:#ff7f00" />
      <path
         d="m 210.257,88.358002 c 1.163,-0.126015 2.347,-0.130005 3.51101,-0.002 0.20199,4.439995 0.022,8.897995 0.082,13.343998 -0.017,1.396 0.091,2.797 -0.087,4.187 -1.159,0.121 -2.341,0.116 -3.5,0 -0.106,-0.579 -0.133,-1.164 -0.13699,-1.746 0.019,-3.962 0.019,-7.926005 0.018,-11.888002 0.005,-1.298996 -0.105,-2.605995 0.113,-3.894997 z"
         id="path3932"
         inkscape:connector-curvature="0"
         style="fill:#ff7f00" />
      <path
         d="m 216.556,88.388 c 1.203,-0.157997 2.436,-0.157997 3.64099,0 0.039,5.82 0.047,11.649 0,17.467 -1.20499,0.147 -2.435,0.147 -3.64099,0 -0.045,-5.82 -0.039,-11.646001 0,-17.467 z"
         id="path3934"
         inkscape:connector-curvature="0"
         style="fill:#ff7f00" />
      <path
         d="m 222.98599,88.348999 c 1.12201,-0.134003 2.27001,-0.125 3.39101,0.039 0.031,5.817001 0.035,11.644001 -0.004,17.461001 -1.117,0.149 -2.26201,0.157 -3.38499,0.042 -0.211,-3.421 -0.021,-6.858004 -0.085,-10.288004 0.059,-2.414993 -0.12001,-4.843994 0.083,-7.253998 z"
         id="path3936"
         inkscape:connector-curvature="0"
         style="fill:#ff7f00" />
      <path
         d="m 228.864,88.363998 c 1.115,-0.129997 2.253,-0.127998 3.37001,0.023 0.044,5.82 0.042,11.649002 0.003,17.470002 -1.116,0.138 -2.25101,0.144 -3.366,0.021 -0.168,-3.419 -0.013,-6.851003 -0.067,-10.275007 0.053,-2.411995 -0.10499,-4.830994 0.06,-7.238998 z"
         id="path3938"
         inkscape:connector-curvature="0"
         style="fill:#ff7f00" />
      <path
         d="m 234.759,88.394997 c 1.34,-0.16301 2.709,-0.169998 4.056,-0.033 0.396,3.927002 -0.095,7.875999 0.032,11.813993 0.006,1.90101 0.27901,3.81801 -0.032,5.70801 -1.35101,0.122 -2.716,0.116 -4.058,-0.031 -0.028,-5.818 -0.032,-11.642004 0.002,-17.458006 z"
         id="path3940"
         inkscape:connector-curvature="0"
         style="fill:#ff7f00" />
      <path
         d="m 241.468,88.350998 c 0.955,-0.119011 1.93001,-0.122002 2.89,0 0.12601,0.682999 0.144,1.376999 0.146,2.069 -0.025,3.761002 -0.01,7.520004 -0.012,11.277002 -0.016,1.396 0.10599,2.806 -0.123,4.18799 -0.96299,0.11601 -1.94,0.11301 -2.90001,0 -0.125,-0.67699 -0.13699,-1.36799 -0.13699,-2.05399 0.039,-3.76 0.012,-7.520004 0.021,-11.280998 0.011,-1.395004 -0.118,-2.809006 0.115,-4.199005 z"
         id="path3942"
         inkscape:connector-curvature="0"
         style="fill:#ff7f00" />
      <path
         d="m 247.009,88.358002 c 1.06299,-0.126015 2.151,-0.124001 3.22,0 0.122,0.679001 0.13401,1.373985 0.13401,2.063995 -0.042,3.761002 -0.008,7.518005 -0.021,11.277003 -0.018,1.39299 0.11899,2.8 -0.11801,4.187 -1.067,0.116 -2.153,0.12 -3.22299,0.003 -0.125,-0.678 -0.14002,-1.36801 -0.14301,-2.057 0.032,-3.757 0.014,-7.518013 0.018,-11.275002 0.011,-1.399002 -0.10501,-2.812012 0.13299,-4.198997 z"
         id="path3944"
         inkscape:connector-curvature="0"
         style="fill:#ff7f00" />
      <path
         d="m 252.89499,88.358002 c 1.23001,-0.130005 2.48201,-0.124001 3.71301,0.041 0.028,5.813995 0.032,11.637998 0,17.453998 -1.227,0.146 -2.472,0.15699 -3.69699,0.031 -0.246,-1.688 -0.16202,-3.4 -0.16801,-5.098 0.062,-4.142987 -0.02,-8.291997 0.15199,-12.427998 z"
         id="path3946"
         inkscape:connector-curvature="0"
         style="fill:#ff7f00" />
      <path
         d="m 259.09,88.363998 c 0.91799,-0.119995 1.854,-0.119995 2.76901,-0.002 0.091,2.212013 -0.049,4.429001 0.089,6.646004 0.31701,3.607994 0.19699,7.233998 0.186,10.848988 -1.00799,0.13701 -2.03299,0.14301 -3.04098,0.027 -0.17203,-3.828 -0.012,-7.666998 -0.068,-11.497999 0.05,-2.009003 -0.10998,-4.020988 0.065,-6.022003 z"
         id="path3948"
         inkscape:connector-curvature="0"
         style="fill:#ff7f00" />
    </g>
    <g
       id="_x23_ffcb05ff">
      <path
         d="m 218.16699,79.579002 c 7.73502,-0.024 15.48201,-0.021 23.21701,-0.003 0.271,1.225006 0.259,2.501007 0.025,3.730003 -7.74601,0.036 -15.50501,0.046 -23.25,-0.003 -0.133,-1.238998 -0.137,-2.489998 0.008,-3.723999 z"
         id="path3951"
         inkscape:connector-curvature="0"
         style="fill:#00ff00" />
      <path
         d="m 196.731,110.969 c 3.838,-0.455 7.71599,-0.08 11.573,-0.187 2.385,-0.057 4.774,-0.083 7.159,0.091 1.73799,0.146 3.47999,-0.171 5.216,0.03 3.33901,0.381 6.698,0.07 10.04601,0.168 5.854,0.228 11.70799,-0.19 17.56199,0.058 5.20101,-0.053 10.40001,-0.113 15.601,0.006 2.798,-0.25699 5.58099,0.34101 8.229,1.13601 1.72101,0.716 3.521,1.473 4.836,2.776 2.12299,2.46299 3.646,5.384 4.23902,8.515 0.38696,2.274 1.02496,4.53199 1.01196,6.848 -0.396,5.528 -0.74597,11.083 -1.92999,16.52201 -1.42899,6.67399 -3.76899,13.19198 -7.073,19.25799 -2.48999,4.047 -4.39499,8.43601 -5.357,13.03101 -0.78997,3.33999 -0.93798,6.76799 -1.17798,10.168 -0.14602,1.237 -0.27203,2.48298 -0.20703,3.73199 0.16803,2.819 -0.36697,5.659 0.11701,8.468 0.824,4.657 2.55102,9.118 4.44403,13.476 5.41797,12.26599 10.67096,24.59799 15.34998,37.131 2.42602,6.34801 4.901,12.68401 7.27502,19.04802 3.74197,10.44397 7.72897,20.815 11.11096,31.37396 2.83502,8.66202 5.34802,17.42102 7.40204,26.27902 1.48398,6.09201 2.42999,12.28198 3.30798,18.47299 0.262,2.41501 0.87598,4.80701 0.81299,7.249 0.17401,2.837 0.067,5.67901 0.073,8.518 -0.49298,5.60001 -1.15997,11.26801 -3.28101,16.56302 -1.935,4.99799 -4.82998,9.634 -8.40197,13.75598 -1.805,2.34601 -4.15601,4.25702 -6.61402,5.97901 -2.37399,1.31298 -4.55398,2.89999 -7,4.1 -9.646,4.793 -20.616,6.59101 -31.41,7.198 -2.26599,0.19299 -4.50598,0.64499 -6.79099,0.59699 -2.60901,-0.075 -5.201,0.33102 -7.81201,0.27401 -10.72899,-0.022 -21.46298,0.023 -32.19,-0.018 -3.44998,-0.306 -6.92099,-0.21799 -10.366,-0.54502 -10.52199,-0.67698 -21.17799,-2.11799 -30.90399,-6.141 -2.857,-1.02899 -5.405,-2.634 -8.067,-4.01999 -3.006,-1.86801 -6.00099,-3.92901 -8.04801,-6.76199 -0.56298,-0.78201 -1.343,-1.39102 -1.97898,-2.11102 -1.68502,-1.99799 -2.93502,-4.27799 -3.97201,-6.625 -3.94,-7.52899 -5.081,-16.06098 -5.011,-24.362 -0.10901,-1.62198 0.226,-3.241 0.072,-4.85898 -0.252,-3.00201 0.098,-6.02002 0.56,-8.98203 0.53801,-1.74697 0.85001,-3.53497 1.03,-5.34197 1.874,-12.97101 5.433,-25.67103 9.385,-38.20401 2.509,-7.982 5.159,-15.92701 8.10401,-23.779 3.94198,-11.367 8.19699,-22.64001 12.65599,-33.83799 2.214,-5.76101 4.71699,-11.416 7.09401,-17.11701 2.00799,-4.75799 4.28099,-9.416 6.35199,-14.15001 2.216,-5.14999 4.057,-10.55299 4.32099,-16.138 -0.32299,-3.45498 -0.076,-6.92399 -0.091,-10.38199 -0.67902,-5.54901 -1.89301,-11.07699 -4.01101,-16.31201 -1.266,-3.11699 -3.376,-5.83798 -4.89601,-8.836 -2.808,-5.52398 -4.94,-11.41699 -5.67199,-17.52099 -0.306,-2.943 -1.09299,-5.84299 -1.07199,-8.81299 0.065,-1.737 -0.41701,-3.43501 -0.38302,-5.168 0.022,-1.76102 -0.033,-3.54102 0.377,-5.27201 0.47901,-2.138 0.79601,-4.32599 1.664,-6.36899 0.573,-1.389 1.629,-2.526 2.42801,-3.80001 0.596,-0.929 1.31501,-1.856 2.379,-2.345 3.633,-1.916 7.86,-2.328 11.929,-2.82399 m 6.82799,9.74399 c -1.46999,0.162 -3.03799,0.073 -4.37399,0.75501 -1.65,0.817 -3.317,1.737 -4.46601,3.15399 -1.91799,2.312 -2.67298,5.281 -2.99099,8.143 -0.095,3.661 0.01,7.323 -0.042,10.983 -0.05,2.069 0.36099,4.10701 0.56599,6.162 0.442,6.167 1.41301,12.42099 4.181,18.088 3.382,6.666 5.806,13.80501 6.629,21.164 0.572,3.02001 0.276,6.08901 0.334,9.13601 0.003,1.222 0.068,2.44699 -0.004,3.67098 -1.37799,12.114 -6.95099,23.26001 -10.578,34.83802 -4.521,13.80699 -8.956,27.64599 -12.79999,41.63098 -0.52901,2.13702 -1.27901,4.22803 -1.612,6.406 -0.18901,1.38703 -0.78301,2.67603 -1.25101,3.995 -4.587,16.48102 -8.793,33.16 -10.265,50.185 -0.21901,3.474 -0.699,6.93503 -0.54699,10.42203 -0.194,8.44198 0.43899,17.00598 3.16699,25.10299 1.50801,3.86399 3.36101,7.72901 6.36799,10.784 2.66901,2.482 5.25,5.11301 8.47501,6.98999 5.019,2.89301 10.729,4.612 16.51601,5.543 2.07399,0.37799 4.222,0.28299 6.26799,0.841 2.59399,0.741 5.322,0.198 7.971,0.5 1.732,0.198 3.482,0.24799 5.22699,0.20801 5.526,0.016 11.05301,-0.018 16.58002,-0.007 3.05899,-0.049 6.129,0.17401 9.17398,-0.18399 9.41901,-0.47 19.16101,-1.56299 27.56101,-5.89599 4.737,-2.146 7.85699,-6.24601 11.45202,-9.67701 1.37998,-1.40701 2.35297,-3.10699 3.36597,-4.75 2.84701,-5.078 4.70502,-10.647 5.34201,-16.35299 0.42001,-2.426 0.20102,-4.89499 0.586,-7.319 0.40799,-2.86402 0.55502,-5.77301 0.20602,-8.65 -0.11603,-0.97601 -0.156,-1.957 -0.17303,-2.93402 -0.016,-2.25098 -0.551,-4.45798 -0.69699,-6.69897 -2.78702,-24.06803 -9.909,-47.418 -16.86801,-70.65302 -3.64499,-12.17399 -7.35898,-24.33701 -11.61499,-36.33701 -1.16001,-3.46499 -2.16199,-6.97999 -3.57001,-10.36599 -0.672,-1.67 -1.133,-3.403 -1.73099,-5.099 -2.53601,-7.53301 -3.685,-15.58 -2.418,-23.437 0.43298,-2.42599 -0.15698,-4.931 0.56,-7.319 0.68701,-2.39799 1.19598,-4.84399 2.09201,-7.188 1.07199,-2.974 2.55798,-5.798 3.65201,-8.765 2.17798,-6.09399 3.76898,-12.405 4.23999,-18.82899 0.15198,-2.97701 1.12399,-5.866 1.05099,-8.85601 0.11301,-2.56799 -0.59601,-5.07701 -0.703,-7.62898 -0.146,-2.82602 -1.16202,-5.59402 -2.89099,-7.91102 -1.25803,-1.582 -2.91901,-3.026 -5.01001,-3.525 -2.60401,-0.678 -5.334,-0.41099 -7.99899,-0.457 -15.49302,0.024 -30.99001,-0.009 -46.48601,-0.006 -0.833,0.013 -1.657,0.074 -2.47301,0.144 z"
         id="path3953"
         inkscape:connector-curvature="0"
         style="fill:#00ff00" />
    </g>
    <g
       id="_x23_fff200ff"
       style="opacity:0.95">
      <path
         d="m 203.55899,120.713 c 0.81702,-0.07 1.64102,-0.131 2.465,-0.149 15.497,-0.002 30.992,0.031 46.484,0.006 2.66401,0.046 5.396,-0.223 8,0.458 2.09201,0.5 3.753,1.944 5.01002,3.525 1.729,2.316 2.74298,5.08601 2.893,7.91099 0.10599,2.55301 0.81399,5.061 0.69998,7.62901 0.075,2.989 -0.89599,5.879 -1.04999,8.855 -0.47299,6.423 -2.06301,12.73401 -4.238,18.83 -1.095,2.965 -2.582,5.78999 -3.65399,8.765 -0.89502,2.34399 -1.404,4.791 -2.09,7.188 -0.71903,2.39 -0.12701,4.894 -0.56101,7.32 -1.26599,7.85501 -0.11801,15.903 2.418,23.438 0.60001,1.69301 1.05899,3.42801 1.732,5.09801 1.406,3.38699 2.41202,6.89999 3.56799,10.36699 4.25601,11.999 7.97299,24.16099 11.616,36.33598 6.96002,23.23401 14.08099,46.58502 16.867,70.65301 0.146,2.241 0.68298,4.448 0.69702,6.70002 0.02,0.97699 0.058,1.957 0.17398,2.93399 0.349,2.876 0.20102,5.78601 -0.207,8.64999 -0.38501,2.42602 -0.16601,4.89499 -0.586,7.31799 C 293.16,368.25 291.302,373.819 288.457,378.89801 c -1.017,1.64398 -1.987,3.34399 -3.36701,4.75098 -3.59597,3.43002 -6.71798,7.531 -11.45199,9.677 -8.39801,4.33401 -18.14301,5.42801 -27.56,5.896 -3.047,0.35601 -6.117,0.13601 -9.17599,0.18402 -5.525,-0.01 -11.05301,0.021 -16.57801,0.008 -1.74801,0.039 -3.49399,-0.01 -5.22799,-0.20801 -2.64801,-0.29998 -5.37601,0.241 -7.97101,-0.5 -2.04401,-0.55798 -4.19202,-0.46399 -6.26801,-0.84198 -5.785,-0.93002 -11.49798,-2.651 -16.51599,-5.54202 -3.22601,-1.87799 -5.80701,-4.50598 -8.475,-6.991 -3.006,-3.057 -4.86001,-6.92099 -6.36901,-10.78299 C 166.77,366.451 166.136,357.88899 166.33,349.44499 c -0.15201,-3.487 0.329,-6.948 0.54601,-10.422 1.47299,-17.02298 5.67898,-33.699 10.26599,-50.18497 0.46899,-1.31903 1.063,-2.60803 1.251,-3.99603 0.332,-2.17798 1.083,-4.26999 1.612,-6.40497 3.84601,-13.98602 8.28101,-27.82402 12.80201,-41.63102 3.62698,-11.57799 9.19897,-22.725 10.578,-34.838 0.071,-1.226 0.007,-2.45 0.003,-3.67099 -0.058,-3.04701 0.23801,-6.11601 -0.33398,-9.136 -0.823,-7.35901 -3.24802,-14.49901 -6.62903,-21.16402 -2.76697,-5.668 -3.73798,-11.92099 -4.18097,-18.08798 -0.20502,-2.05402 -0.61402,-4.09302 -0.56601,-6.16202 0.053,-3.66098 -0.052,-7.32199 0.042,-10.98299 0.319,-2.861 1.07401,-5.83 2.991,-8.143 1.147,-1.417 2.815,-2.336 4.466,-3.154 1.345,-0.67999 2.91101,-0.59199 4.38199,-0.75399 m 78.241,264.79304 c -0.44898,0.26093 0.021,0.98493 0.466,0.655 0.44601,-0.27401 -0.024,-0.99301 -0.466,-0.655 z"
         id="path3956"
         inkscape:connector-curvature="0"
         style="fill:#aaffaa;stroke-width:0" />
    </g>
  </g>
</svg>
